1 38 64
2 19 74
3 53 47
4 28 44
5 3 39
6 60 45
7 45 75
8 49 46
9 41 0
10 34 11
11 73 57
12 16 97
13 26 73
14 98 99
15 70 57
16 91 93
17 74 72
18 72 70
19 69 62
20 1 78
21 10 17
22 67 72
23 34 66
24 77 38
25 37 66
26 5 27
27 24 74
28 47 70
29 97 44
30 25 28
31 95 62
32 35 47
33 78 55
34 83 73
35 30 80
36 78 82
37 8 54
38 11 59
39 99 6
40 0 33
41 34 22
42 51 77
43 5 50
44 41 29
45 8 61
46 72 88
47 41 6
48 97 92
49 61 67
50 99 0
51 78 92
52 42 0
53 5 51
54 58 69
55 95 72
56 65 44
57 19 70
58 58 41
59 69 18
60 70 11
61 24 71
62 38 17
63 99 71
64 76 33
65 64 37
66 50 85
67 24 37
68 3 16
69 43 46
70 45 52
71 14 96
72 85 41
73 56 1
74 70 100
75 89 94
76 57 39
77 81 87
78 5 93
79 3 83
80 94 40
81 46 14
82 78 85
83 25 39
84 71 25
85 100 56
86 92 94
87 56 32
88 45 88
89 77 94
90 70 6
91 53 54
92 10 53
93 22 76
94 76 65
95 64 14
96 30 22
97 79 65
98 33 79
99 0 3
100 70 5