1 82 19
2 2 14
3 78 69
4 71 55
5 100 100
6 92 26
7 16 53
8 85 70
9 57 59
10 53 9
11 87 44
12 62 13
13 41 80
14 11 47
15 71 96
16 57 75
17 24 76
18 93 54
19 82 73
20 12 40
21 10 21
22 28 59
23 17 30
24 40 46
25 30 74
26 26 13
27 9 78
28 36 18
29 6 96
30 10 18
31 96 33
32 6 33
33 95 99
34 51 56
35 71 93
36 43 86
37 13 21
38 51 88
39 29 89
40 73 51
41 46 59
42 18 63
43 82 19
44 44 18
45 82 95
46 25 26
47 2 22
48 87 97
49 86 38
50 0 0
51 98 90
52 82 95
53 28 55
54 91 48
55 19 49
56 33 50
57 42 72
58 19 13
59 14 19
60 76 73
61 25 58
62 43 77
63 64 20
64 61 7
65 84 99
66 1 9
67 35 84
68 48 61
69 34 25
70 42 49
71 77 97
72 69 45
73 98 83
74 6 21
75 35 81
76 57 36
77 66 10
78 84 83
79 79 48
80 39 70
81 40 20
82 93 50
83 4 56
84 5 4
85 1 23
86 55 56
87 55 74
88 20 39
89 47 23
90 46 60
91 62 31
92 97 68
93 11 33
94 53 89
95 47 14
96 73 15
97 39 22
98 3 97
99 71 85
100 71 6
101 26 0
102 68 30
103 99 61
104 45 9
105 67 55
106 22 61
107 42 78
108 64 62
109 85 76
110 63 69
111 22 18
112 64 9
113 45 43
114 18 43
115 98 70
116 57 18
117 6 64
118 59 70
119 46 44
120 57 94
121 96 1
122 45 32
123 26 11
124 82 22
125 74 67
126 1 7
127 92 63
128 74 38
129 46 19
130 50 73
131 20 55
132 42 22
133 84 19
134 77 46
135 29 57
136 85 38
137 47 34
138 85 22
139 82 98
140 66 20
141 62 32
142 72 19
143 72 56
144 17 48
145 15 98
146 43 9
147 35 6
148 70 62
149 87 77
150 74 53
151 27 89
152 27 25
153 58 25
154 25 39
155 74 21
156 95 3
157 8 32
158 9 35
159 94 77
160 17 70
161 23 16
162 64 14
163 13 29
164 36 44
165 62 29
166 63 0
167 59 75
168 70 97
169 76 3
170 31 7
171 13 33
172 11 12
173 72 38
174 90 96
175 53 20
176 38 23
177 58 12
178 43 29
179 22 19
180 89 90
181 46 84
182 39 71
183 20 38
184 7 2
185 86 19
186 88 55
187 10 17
188 19 28
189 76 72
190 77 45
191 76 39
192 13 54
193 16 94
194 58 21
195 51 4
196 99 58
197 49 50
198 84 2
199 31 41
200 84 15
201 71 45
202 70 30
203 28 25
204 48 98
205 26 77
206 90 19
207 40 26
208 21 64
209 67 96
210 74 91
211 99 99
212 49 36
213 52 98
214 13 66
215 4 22
216 33 80
217 64 97
218 43 52
219 69 8
220 53 73
221 85 73
222 21 100
223 83 58
224 18 87
225 62 64
226 38 86
227 60 49
228 26 100
229 94 68
230 53 100
231 41 72
232 6 65
233 48 94
234 92 59
235 53 55
236 77 49
237 25 24
238 100 95
239 75 72
240 76 2
241 50 25
242 100 13
243 58 55
244 27 60
245 40 17
246 60 95
247 30 42
248 7 57
249 42 88
250 92 86
251 46 36
252 97 97
253 14 33
254 64 67
255 13 36
256 18 18
257 1 1
258 59 83
259 64 55
260 16 81
261 75 73
262 21 75
263 6 45
264 78 21
265 64 58
266 76 82
267 17 54
268 51 79
269 73 34
270 81 78
271 14 97
272 99 46
273 10 46
274 36 67
275 42 55
276 13 73
277 84 89
278 7 62
279 28 26
280 21 1
281 97 30
282 75 1
283 62 46
284 66 91
285 24 47
286 75 14
287 77 84
288 61 67
289 13 56
290 79 34
291 55 57
292 44 13
293 70 72
294 8 83
295 92 52
296 62 60
297 30 69
298 65 60
299 78 18
300 53 16
301 87 59
302 1 85
303 90 63
304 54 69
305 60 94
306 41 18
307 39 47
308 35 67
309 36 11
310 14 7
311 48 49
312 98 57
313 95 31
314 60 83
315 89 78
316 39 69
317 96 7
318 57 94
319 59 40
320 69 26
321 26 74
322 87 60
323 53 8
324 86 54
325 25 57
326 73 93
327 4 31
328 10 99
329 81 59
330 14 53
331 97 44
332 62 50
333 2 48
334 24 23
335 21 90
336 69 66
337 41 10
338 9 22
339 70 2
340 40 67
341 87 30
342 23 89
343 87 68
344 54 21
345 63 9
346 100 47
347 40 18
348 77 37
349 22 27
350 10 60
351 73 47
352 41 1
353 90 79
354 77 11
355 36 100
356 33 35
357 99 35
358 57 24
359 84 88
360 49 29
361 55 4
362 88 10
363 40 58
364 96 97
365 34 40
366 84 66
367 85 51
368 65 1
369 81 37
370 90 48
371 55 2
372 29 59
373 46 98
374 55 74
375 16 55
376 41 88
377 63 52
378 37 94
379 92 44
380 75 16
381 77 75
382 93 48
383 33 17
384 63 14
385 27 25
386 48 28
387 75 45
388 94 44
389 51 16
390 1 41
391 96 68
392 18 35
393 34 12
394 40 16
395 66 6
396 87 56
397 41 91
398 94 91
399 20 57
400 37 1
401 41 42
402 71 59
403 62 65
404 27 11
405 80 100
406 6 18
407 57 41
408 64 72
409 12 87
410 74 75
411 17 74
412 15 27
413 51 46
414 1 19
415 66 56
416 64 95
417 10 89
418 17 32
419 20 24
420 100 28
421 66 15
422 46 84
423 78 48
424 31 67
425 32 15
426 43 92
427 73 15
428 31 24
429 34 6
430 25 86
431 51 2
432 58 70
433 89 74
434 31 77
435 79 87
436 89 35
437 44 81
438 18 23
439 79 86
440 62 76
441 62 97
442 32 43
443 65 20
444 66 69
445 47 98
446 37 19
447 89 75
448 21 60
449 75 65
450 20 30
451 14 40
452 63 34
453 29 81
454 91 3
455 78 61
456 68 10
457 58 31
458 86 89
459 76 30
460 37 8
461 99 0
462 97 68
463 17 14
464 6 39
465 82 80
466 28 4
467 21 60
468 56 65
469 36 72
470 65 92
471 44 24
472 15 28
473 84 57
474 61 0
475 75 58
476 3 83
477 73 49
478 56 42
479 19 40
480 41 13
481 24 91
482 42 68
483 93 25
484 56 12
485 13 88
486 83 3
487 90 88
488 58 39
489 15 25
490 88 52
491 18 60
492 26 8
493 96 21
494 17 99
495 95 21
496 84 82
497 39 26
498 22 32
499 33 56
500 94 53
501 37 52
502 93 24
503 16 1
504 0 64
505 42 31
506 32 93
507 45 61
508 40 0
509 89 34
510 71 80
511 72 83
512 66 61
513 15 90
514 2 86
515 22 66
516 90 59
517 42 66
518 34 50
519 34 91
520 9 93
521 56 25
522 46 80
523 49 31
524 12 48
525 42 28
526 69 65
527 19 94
528 62 31
529 19 20
530 79 12
531 16 84
532 13 20
533 29 31
534 61 63
535 92 30
536 32 78
537 27 83
538 11 41
539 94 99
540 33 70
541 26 52
542 98 28
543 15 24
544 75 34
545 66 34
546 59 31
547 23 27
548 59 10
549 89 95
550 12 67
551 46 15
552 32 70
553 70 79
554 1 88
555 22 88
556 69 71
557 12 5
558 96 41
559 53 68
560 82 82
561 64 27
562 12 10
563 16 93
564 9 0
565 58 34
566 25 13
567 90 30
568 72 78
569 26 91
570 19 17
571 65 14
572 78 17
573 36 47
574 15 11
575 88 93
576 4 4
577 84 0
578 33 39
579 56 76
580 67 49
581 0 2
582 80 23
583 87 4
584 42 73
585 21 62
586 88 79
587 93 51
588 84 60
589 83 90
590 8 53
591 56 83
592 31 51
593 11 2
594 94 88
595 14 36
596 59 79
597 18 29
598 65 4
599 71 37
600 32 97
601 20 83
602 53 24
603 46 73
604 15 68
605 89 64
606 29 85
607 3 67
608 15 97
609 83 92
610 16 10
611 17 69
612 27 16
613 74 39
614 17 34
615 25 5
616 43 88
617 88 35
618 3 76
619 26 16
620 55 31
621 87 91
622 45 22
623 10 28
624 93 36
625 53 44
626 36 60
627 51 60
628 75 37
629 20 56
630 4 34
631 72 64
632 100 89
633 21 57
634 37 22
635 56 24
636 38 47
637 77 72
638 85 83
639 49 23
640 5 33
641 18 37
642 8 46
643 63 53
644 83 43
645 22 42
646 69 12
647 83 5
648 89 71
649 2 13
650 69 58
651 70 70
652 32 72
653 74 86
654 63 98
655 1 40
656 4 24
657 6 27
658 12 98
659 22 89
660 71 36
661 55 80
662 32 73
663 7 40
664 80 54
665 18 36
666 76 30
667 39 59
668 81 0
669 21 36
670 48 26
671 78 5
672 54 85
673 35 65
674 61 4
675 17 93
676 95 13
677 23 37
678 54 82
679 79 72
680 0 90
681 18 8
682 71 8
683 30 7
684 11 69
685 54 6
686 35 48
687 41 100
688 30 63
689 31 11
690 3 48
691 37 89
692 64 22
693 9 37
694 49 41
695 8 39
696 87 94
697 3 71
698 52 43
699 79 90
700 57 17
701 11 64
702 57 47
703 28 47
704 70 96
705 19 96
706 16 41
707 7 84
708 80 42
709 64 61
710 59 84
711 44 57
712 25 48
713 81 17
714 15 7
715 99 56
716 18 3
717 16 53
718 84 87
719 93 68
720 34 13
721 85 88
722 58 27
723 87 22
724 69 36
725 21 8
726 66 78
727 92 41
728 85 6
729 70 63
730 97 83
731 41 28
732 82 16
733 39 6
734 74 51
735 56 61
736 6 16
737 20 87
738 52 4
739 38 86
740 87 100
741 38 92
742 4 16
743 82 78
744 58 53
745 87 48
746 89 43
747 69 24
748 74 8
749 71 74
750 37 57
751 99 54
752 11 14
753 54 13
754 90 0
755 97 27
756 27 34
757 36 37
758 8 80
759 90 85
760 59 5
761 96 87
762 54 9
763 100 18
764 0 81
765 28 18
766 18 77
767 98 82
768 75 96
769 77 96
770 21 7
771 31 25
772 75 7
773 100 63
774 49 11
775 20 75
776 51 5
777 44 26
778 39 64
779 48 56
780 47 89
781 71 10
782 64 88
783 14 99
784 86 87
785 31 11
786 97 3
787 40 26
788 27 32
789 13 52
790 58 47
791 11 97
792 24 99
793 81 28
794 86 69
795 48 8
796 30 45
797 47 19
798 99 95
799 100 93
800 1 6
801 37 57
802 99 3
803 98 58
804 66 32
805 94 47
806 70 19
807 80 26
808 20 62
809 44 97
810 90 70
811 55 28
812 50 4
813 58 11
814 15 63
815 95 80
816 38 43
817 40 84
818 75 26
819 97 23
820 83 37
821 15 62
822 58 83
823 87 79
824 96 66
825 100 61
826 80 56
827 56 64
828 81 72
829 3 29
830 71 6
831 2 44
832 32 21
833 27 62
834 86 42
835 7 47
836 82 95
837 24 100
838 35 60
839 95 36
840 77 63
841 88 64
842 52 19
843 87 93
844 78 51
845 61 43
846 71 77
847 63 47
848 41 47
849 36 25
850 77 10
851 69 3
852 32 37
853 34 80
854 39 54
855 27 89
856 51 31
857 1 36
858 72 35
859 3 62
860 22 75
861 51 28
862 97 18
863 16 67
864 87 91
865 92 73
866 19 35
867 54 38
868 6 5
869 45 13
870 4 21
871 61 73
872 46 12
873 68 22
874 79 55
875 69 86
876 63 4
877 21 66
878 37 11
879 72 14
880 85 33
881 56 91
882 19 10
883 37 76
884 97 91
885 26 84
886 74 65
887 12 15
888 17 11
889 84 73
890 88 48
891 81 17
892 16 9
893 42 16
894 34 14
895 22 15
896 42 79
897 87 6
898 7 58
899 49 13
900 62 98
901 99 88
902 86 52
903 38 47
904 54 27
905 30 62
906 45 46
907 59 20
908 4 36
909 56 21
910 2 82
911 46 5
912 3 82
913 71 50
914 82 64
915 79 68
916 69 84
917 0 57
918 42 10
919 54 59
920 88 62
921 4 59
922 7 69
923 37 12
924 71 7
925 55 43
926 44 15
927 86 33
928 63 14
929 27 21
930 23 33
931 60 4
932 58 58
933 81 60
934 35 69
935 2 6
936 97 75
937 49 37
938 44 90
939 70 99
940 41 74
941 89 58
942 94 92
943 39 51
944 76 82
945 49 96
946 65 67
947 46 1
948 25 11
949 92 45
950 61 22
951 22 73
952 72 12
953 2 37
954 15 72
955 2 74
956 71 14
957 36 92
958 74 76
959 36 87
960 67 56
961 48 15
962 45 10
963 50 39
964 13 20
965 11 54
966 4 40
967 34 40
968 65 18
969 88 60
970 67 70
971 88 84
972 80 49
973 4 62
974 14 61
975 77 63
976 35 86
977 22 98
978 58 3
979 79 41
980 17 74
981 52 46
982 37 54
983 77 34
984 44 89
985 11 59
986 59 94
987 25 93
988 0 35
989 56 99
990 87 69
991 100 17
992 37 68
993 3 64
994 63 31
995 36 64
996 31 62
997 19 51
998 6 11
999 32 76
1000 81 91
1001 77 24
1002 1 61
1003 57 14
1004 80 42
1005 86 63
1006 64 61
1007 67 42
1008 63 26
1009 6 47
1010 11 1
1011 79 3
1012 79 17
1013 58 50
1014 31 10
1015 79 94
1016 48 16
1017 7 63
1018 85 81
1019 98 35
1020 0 24
1021 98 91
1022 81 41
1023 54 100
1024 1 17
1025 23 19
1026 11 38
1027 79 66
1028 89 72
1029 96 84
1030 48 46
1031 22 63
1032 16 8
1033 21 67
1034 54 33
1035 52 25
1036 31 73
1037 22 28
1038 51 4
1039 31 44
1040 65 75
1041 30 76
1042 98 92
1043 40 75
1044 99 95
1045 29 11
1046 70 21
1047 76 99
1048 57 20
1049 3 12
1050 33 24
1051 56 97
1052 76 22
1053 7 64
1054 14 96
1055 37 68
1056 59 22
1057 46 48
1058 77 7
1059 2 66
1060 16 42
1061 59 36
1062 68 64
1063 43 64
1064 69 6
1065 57 90
1066 15 2
1067 21 86
1068 5 19
1069 6 42
1070 54 98
1071 36 91
1072 85 1
1073 67 91
1074 61 49
1075 22 88
1076 38 28
1077 35 1
1078 50 40
1079 15 14
1080 25 62
1081 16 20
1082 22 10
1083 40 43
1084 100 67
1085 36 64
1086 67 79
1087 12 66
1088 46 45
1089 100 80
1090 44 38
1091 24 35
1092 20 16
1093 91 70
1094 4 22
1095 29 66
1096 38 69
1097 64 19
1098 72 99
1099 98 69
1100 25 21
1101 43 38
1102 24 19
1103 2 59
1104 6 52
1105 31 2
1106 71 66
1107 73 77
1108 37 40
1109 2 88
1110 53 8
1111 79 47
1112 57 46
1113 49 10
1114 38 49
1115 65 71
1116 65 19
1117 78 19
1118 27 10
1119 72 21
1120 57 26
1121 79 45
1122 53 4
1123 30 19
1124 73 44
1125 91 11
1126 36 9
1127 21 81
1128 44 80
1129 58 12
1130 73 27
1131 39 10
1132 75 95
1133 52 66
1134 48 92
1135 36 49
1136 47 38
1137 26 92
1138 100 7
1139 10 52
1140 44 6
1141 0 66
1142 35 63
1143 44 99
1144 48 32
1145 15 13
1146 49 72
1147 54 38
1148 67 92
1149 99 7
1150 17 67
1151 6 47
1152 96 34
1153 50 34
1154 33 19
1155 81 1
1156 53 50
1157 10 16
1158 70 13
1159 61 15
1160 40 75
1161 36 42
1162 64 52
1163 2 6
1164 64 25
1165 67 0
1166 15 35
1167 71 91
1168 76 45
1169 39 38
1170 20 51
1171 95 49
1172 34 69
1173 39 80
1174 96 53
1175 54 56
1176 64 43
1177 42 58
1178 28 94
1179 67 55
1180 88 30
1181 56 55
1182 1 88
1183 27 23
1184 61 25
1185 1 55
1186 97 78
1187 85 41
1188 94 55
1189 9 84
1190 63 2
1191 57 13
1192 7 74
1193 38 41
1194 64 70
1195 58 6
1196 35 53
1197 28 77
1198 9 10
1199 86 67
1200 52 71
1201 79 97
1202 1 44
1203 35 12
1204 58 3
1205 48 75
1206 1 82
1207 2 74
1208 83 11
1209 30 50
1210 0 55
1211 80 13
1212 61 33
1213 61 88
1214 83 11
1215 77 4
1216 35 53
1217 31 35
1218 5 96
1219 73 74
1220 11 69
1221 64 7
1222 57 51
1223 78 59
1224 62 95
1225 39 95
1226 1 14
1227 21 49
1228 73 4
1229 93 97
1230 8 64
1231 8 37
1232 83 37
1233 47 38
1234 3 2
1235 47 24
1236 50 8
1237 61 48
1238 69 87
1239 68 38
1240 56 7
1241 51 31
1242 0 46
1243 64 99
1244 98 59
1245 41 70
1246 99 64
1247 70 4
1248 94 68
1249 25 35
1250 0 60
1251 75 7
1252 39 26
1253 91 6
1254 64 17
1255 7 59
1256 49 24
1257 40 58
1258 76 49
1259 5 94
1260 92 54
1261 74 0
1262 3 13
1263 29 37
1264 0 34
1265 53 65
1266 69 79
1267 82 7
1268 44 35
1269 2 96
1270 62 62
1271 55 25
1272 4 87
1273 69 83
1274 86 64
1275 27 16
1276 40 36
1277 9 1
1278 12 21
1279 64 94
1280 76 53
1281 40 38
1282 82 92
1283 67 44
1284 18 88
1285 17 48
1286 8 49
1287 25 0
1288 99 19
1289 42 58
1290 61 3
1291 6 45
1292 19 62
1293 71 6
1294 14 0
1295 59 35
1296 75 5
1297 55 78
1298 9 60
1299 29 98
1300 31 37
1301 68 37
1302 14 12
1303 22 57
1304 11 20
1305 67 75
1306 98 41
1307 84 79
1308 19 84
1309 3 59
1310 50 26
1311 43 42
1312 8 85
1313 71 24
1314 17 8
1315 49 64
1316 74 64
1317 18 1
1318 45 68
1319 91 62
1320 21 64
1321 54 62
1322 98 43
1323 2 33
1324 59 96
1325 23 1
1326 19 93
1327 89 67
1328 11 88
1329 78 95
1330 59 52
1331 65 50
1332 40 64
1333 6 89
1334 57 55
1335 29 11
1336 28 89
1337 26 95
1338 3 83
1339 39 86
1340 22 94
1341 6 100
1342 60 4
1343 99 22
1344 76 49
1345 77 1
1346 14 50
1347 68 22
1348 94 71
1349 75 80
1350 62 96
1351 84 59
1352 93 43
1353 14 78
1354 84 55
1355 31 92
1356 31 29
1357 46 35
1358 43 71
1359 59 69
1360 16 100
1361 0 29
1362 44 76
1363 4 89
1364 82 33
1365 18 16
1366 22 84
1367 17 32
1368 17 32
1369 55 78
1370 75 46
1371 54 72
1372 13 16
1373 42 61
1374 28 2
1375 38 39
1376 29 91
1377 94 80
1378 16 46
1379 11 35
1380 59 61
1381 27 2
1382 13 89
1383 39 33
1384 93 85
1385 54 89
1386 3 78
1387 85 49
1388 11 49
1389 50 29
1390 55 17
1391 24 86
1392 10 15
1393 20 80
1394 27 72
1395 89 5
1396 42 26
1397 18 26
1398 42 59
1399 77 59
1400 12 51
1401 91 34
1402 41 39
1403 96 26
1404 84 85
1405 69 57
1406 8 85
1407 32 51
1408 71 8
1409 44 79
1410 92 10
1411 74 82
1412 70 42
1413 47 24
1414 51 77
1415 99 19
1416 32 47
1417 31 66
1418 78 60
1419 2 76
1420 80 98
1421 62 76
1422 98 2
1423 32 10
1424 66 28
1425 75 73
1426 21 90
1427 14 11
1428 94 11
1429 0 15
1430 65 30
1431 71 93
1432 40 38
1433 38 76
1434 9 99
1435 94 97
1436 18 65
1437 0 33
1438 76 41
1439 91 88
1440 24 18
1441 39 62
1442 13 40
1443 0 44
1444 20 7
1445 61 80
1446 13 82
1447 49 40
1448 49 27
1449 98 47
1450 56 92
1451 22 90
1452 62 85
1453 66 22
1454 69 21
1455 21 34
1456 17 17
1457 52 3
1458 73 63
1459 53 54
1460 44 62
1461 41 83
1462 6 89
1463 6 69
1464 77 55
1465 59 10
1466 77 53
1467 27 12
1468 69 21
1469 2 89
1470 78 5
1471 37 27
1472 93 12
1473 36 54
1474 24 82
1475 70 59
1476 6 84
1477 81 21
1478 38 51
1479 13 36
1480 67 27
1481 73 74
1482 42 93
1483 55 70
1484 33 92
1485 19 39
1486 10 3
1487 65 47
1488 42 70
1489 81 0
1490 47 78
1491 10 95
1492 78 90
1493 44 31
1494 76 65
1495 60 64
1496 87 25
1497 49 71
1498 54 17
1499 65 30
1500 58 72
1501 87 28
1502 27 75
1503 77 87
1504 96 18
1505 92 56
1506 87 99
1507 24 26
1508 75 35
1509 85 68
1510 53 20
1511 84 72
1512 7 24
1513 13 81
1514 16 2
1515 72 65
1516 54 17
1517 62 72
1518 32 25
1519 69 66
1520 84 79
1521 0 31
1522 29 48
1523 76 71
1524 6 43
1525 42 83
1526 51 86
1527 68 84
1528 3 83
1529 51 17
1530 18 17
1531 70 27
1532 48 39
1533 4 98
1534 65 77
1535 54 39
1536 34 26
1537 63 56
1538 33 58
1539 43 55
1540 9 2
1541 99 48
1542 65 54
1543 14 37
1544 22 91
1545 44 41
1546 46 48
1547 60 11
1548 4 70
1549 25 77
1550 89 91
1551 93 28
1552 49 24
1553 35 56
1554 63 24
1555 51 46
1556 82 1
1557 95 49
1558 15 88
1559 53 67
1560 76 77
1561 21 53
1562 78 34
1563 35 56
1564 47 3
1565 37 44
1566 6 29
1567 74 22
1568 78 70
1569 74 15
1570 81 11
1571 29 98
1572 23 5
1573 40 3
1574 31 74
1575 37 88
1576 53 41
1577 83 50
1578 40 68
1579 51 63
1580 41 87
1581 79 26
1582 65 64
1583 78 74
1584 7 55
1585 41 53
1586 73 27
1587 7 20
1588 10 17
1589 14 86
1590 16 10
1591 40 76
1592 92 54
1593 71 13
1594 21 74
1595 34 65
1596 10 56
1597 42 95
1598 74 74
1599 34 40
1600 96 6
1601 51 64
1602 11 83
1603 70 68
1604 97 19
1605 15 57
1606 7 45
1607 86 34
1608 46 69
1609 90 92
1610 27 46
1611 77 72
1612 92 94
1613 25 4
1614 84 63
1615 87 93
1616 88 72
1617 36 52
1618 84 90
1619 30 64
1620 34 73
1621 35 94
1622 10 20
1623 56 72
1624 27 24
1625 25 20
1626 29 58
1627 80 50
1628 55 74
1629 54 93
1630 79 49
1631 100 51
1632 89 2
1633 90 82
1634 42 20
1635 13 61
1636 84 84
1637 55 100
1638 15 82
1639 91 39
1640 12 36
1641 3 85
1642 39 3
1643 96 95
1644 13 41
1645 53 44
1646 18 81
1647 34 46
1648 6 1
1649 48 78
1650 14 53
1651 59 63
1652 2 62
1653 4 93
1654 43 92
1655 60 53
1656 95 8
1657 14 61
1658 33 17
1659 100 49
1660 96 58
1661 85 89
1662 56 94
1663 96 35
1664 21 10
1665 22 43
1666 42 40
1667 24 58
1668 73 45
1669 45 43
1670 33 45
1671 45 16
1672 86 7
1673 21 57
1674 72 100
1675 32 27
1676 37 85
1677 84 0
1678 42 30
1679 1 6
1680 55 23
1681 88 70
1682 20 72
1683 41 90
1684 19 53
1685 38 49
1686 31 42
1687 56 69
1688 10 36
1689 17 7
1690 31 32
1691 93 3
1692 21 50
1693 97 33
1694 47 79
1695 51 36
1696 94 100
1697 86 33
1698 66 94
1699 1 21
1700 97 95
1701 12 77
1702 2 54
1703 97 39
1704 60 89
1705 94 49
1706 35 36
1707 84 74
1708 82 70
1709 3 47
1710 36 93
1711 60 73
1712 9 76
1713 64 67
1714 55 49
1715 27 53
1716 67 65
1717 96 7
1718 77 17
1719 87 90
1720 94 95
1721 97 20
1722 55 42
1723 99 67
1724 27 88
1725 16 83
1726 29 25
1727 84 30
1728 33 82
1729 37 42
1730 69 58
1731 12 63
1732 99 96
1733 54 85
1734 43 66
1735 73 22
1736 63 52
1737 86 98
1738 75 77
1739 59 59
1740 60 35
1741 72 58
1742 27 78
1743 78 97
1744 22 12
1745 88 50
1746 74 27
1747 86 33
1748 91 19
1749 37 89
1750 7 83
1751 60 31
1752 97 0
1753 99 43
1754 91 27
1755 27 39
1756 22 18
1757 34 58
1758 33 49
1759 11 49
1760 82 5
1761 85 79
1762 67 29
1763 58 75
1764 50 40
1765 66 13
1766 87 57
1767 41 9
1768 68 45
1769 73 21
1770 50 88
1771 24 36
1772 25 43
1773 10 53
1774 11 77
1775 76 49
1776 82 96
1777 43 8
1778 39 33
1779 74 18
1780 66 84
1781 30 73
1782 82 72
1783 4 99
1784 2 3
1785 50 57
1786 23 55
1787 73 26
1788 29 88
1789 44 56
1790 53 91
1791 24 73
1792 68 54
1793 67 61
1794 33 44
1795 33 75
1796 68 77
1797 86 47
1798 22 68
1799 69 84
1800 73 52
1801 92 79
1802 60 91
1803 17 77
1804 1 51
1805 70 10
1806 1 34
1807 1 13
1808 89 29
1809 58 98
1810 41 14
1811 15 35
1812 36 85
1813 76 94
1814 46 71
1815 38 63
1816 16 14
1817 2 58
1818 23 97
1819 23 71
1820 95 58
1821 76 72
1822 14 40
1823 33 2
1824 7 33
1825 35 71
1826 85 70
1827 95 1
1828 47 54
1829 72 13
1830 7 14
1831 39 9
1832 43 67
1833 73 71
1834 2 7
1835 6 20
1836 85 9
1837 48 58
1838 48 42
1839 29 19
1840 56 2
1841 66 13
1842 2 22
1843 40 57
1844 68 46
1845 42 62
1846 93 53
1847 17 17
1848 76 90
1849 86 83
1850 71 98
1851 58 62
1852 98 61
1853 73 61
1854 67 97
1855 70 12
1856 89 64
1857 48 71
1858 94 64
1859 75 87
1860 74 14
1861 38 32
1862 4 59
1863 41 80
1864 80 77
1865 8 21
1866 51 73
1867 36 52
1868 41 38
1869 35 10
1870 53 4
1871 58 40
1872 98 97
1873 90 88
1874 82 73
1875 16 62
1876 33 49
1877 80 14
1878 28 44
1879 2 11
1880 5 20
1881 70 85
1882 93 17
1883 91 52
1884 82 57
1885 69 60
1886 97 32
1887 5 28
1888 55 88
1889 13 54
1890 93 69
1891 78 12
1892 54 46
1893 2 32
1894 40 53
1895 26 63
1896 12 50
1897 41 86
1898 84 1
1899 55 84
1900 75 45
1901 44 23
1902 91 21
1903 37 83
1904 56 22
1905 55 38
1906 30 55
1907 3 70
1908 85 60
1909 39 100
1910 76 40
1911 82 0
1912 21 94
1913 54 11
1914 39 79
1915 51 80
1916 56 2
1917 27 24
1918 35 77
1919 36 92
1920 59 34
1921 71 31
1922 36 21
1923 38 81
1924 99 4
1925 4 69
1926 33 80
1927 86 41
1928 50 44
1929 12 70
1930 75 12
1931 71 8
1932 64 40
1933 52 95
1934 29 14
1935 18 49
1936 32 54
1937 62 20
1938 75 57
1939 72 38
1940 23 50
1941 28 85
1942 18 25
1943 100 22
1944 75 90
1945 12 99
1946 11 27
1947 8 85
1948 18 93
1949 30 49
1950 86 78
1951 36 68
1952 12 94
1953 61 18
1954 4 34
1955 87 85
1956 59 23
1957 61 67
1958 29 31
1959 64 42
1960 25 69
1961 24 10
1962 55 64
1963 62 22
1964 17 57
1965 43 81
1966 38 47
1967 60 69
1968 9 73
1969 80 17
1970 61 99
1971 10 53
1972 97 6
1973 71 74
1974 63 3
1975 43 39
1976 83 30
1977 70 56
1978 45 35
1979 18 69
1980 80 67
1981 3 95
1982 87 62
1983 74 84
1984 99 36
1985 89 63
1986 86 69
1987 98 83
1988 68 100
1989 54 77
1990 81 10
1991 0 39
1992 54 99
1993 71 61
1994 88 40
1995 42 16
1996 17 76
1997 17 3
1998 33 95
1999 14 23
2000 11 62
2001 26 28
2002 83 55
2003 29 28
2004 48 20
2005 77 59
2006 49 86
2007 47 24
2008 23 43
2009 99 53
2010 56 71
2011 31 35
2012 82 86
2013 81 49
2014 67 21
2015 52 100
2016 0 82
2017 97 56
2018 29 3
2019 5 94
2020 48 51
2021 65 95
2022 48 100
2023 93 98
2024 43 18
2025 96 91
2026 100 13
2027 62 27
2028 93 76
2029 6 9
2030 45 45
2031 38 33
2032 50 48
2033 33 76
2034 89 39
2035 11 97
2036 44 29
2037 41 4
2038 13 27
2039 15 46
2040 53 24
2041 42 96
2042 44 44
2043 62 2
2044 84 43
2045 52 89
2046 70 72
2047 75 96
2048 10 59
2049 59 20
2050 14 69
2051 76 42
2052 97 19
2053 28 96
2054 3 19
2055 80 48
2056 54 9
2057 4 80
2058 46 24
2059 26 37
2060 51 33
2061 45 44
2062 97 76
2063 95 100
2064 50 99
2065 67 73
2066 13 81
2067 14 37
2068 75 13
2069 51 51
2070 41 90
2071 72 30
2072 44 15
2073 7 93
2074 9 97
2075 62 31
2076 41 37
2077 23 56
2078 3 69
2079 91 27
2080 2 8
2081 64 82
2082 72 94
2083 81 70
2084 53 83
2085 90 93
2086 41 22
2087 18 99
2088 42 74
2089 54 62
2090 25 10
2091 39 22
2092 31 80
2093 42 100
2094 27 84
2095 7 25
2096 64 86
2097 18 88
2098 78 71
2099 66 78
2100 6 49
2101 93 65
2102 80 36
2103 88 2
2104 47 28
2105 93 51
2106 99 78
2107 80 80
2108 66 48
2109 31 94
2110 48 9
2111 63 95
2112 88 66
2113 43 77
2114 18 85
2115 96 6
2116 74 28
2117 7 61
2118 96 39
2119 54 88
2120 64 53
2121 61 40
2122 100 4
2123 43 100
2124 87 76
2125 51 66
2126 24 91
2127 74 36
2128 37 36
2129 71 50
2130 75 5
2131 32 92
2132 10 81
2133 93 11
2134 31 89
2135 77 89
2136 12 46
2137 82 5
2138 45 67
2139 80 76
2140 10 37
2141 5 38
2142 47 33
2143 47 13
2144 78 33
2145 97 79
2146 100 49
2147 11 11
2148 68 47
2149 11 24
2150 99 57
2151 46 11
2152 23 95
2153 30 64
2154 9 35
2155 61 4
2156 18 31
2157 96 32
2158 18 55
2159 83 63
2160 18 8
2161 16 70
2162 11 16
2163 97 35
2164 76 36
2165 0 86
2166 99 49
2167 92 67
2168 51 38
2169 98 43
2170 64 69
2171 74 77
2172 92 36
2173 42 73
2174 76 48
2175 37 84
2176 71 57
2177 11 29
2178 17 5
2179 38 100
2180 26 2
2181 95 92
2182 75 47
2183 91 88
2184 66 9
2185 96 65
2186 19 56
2187 56 72
2188 14 44
2189 13 43
2190 15 40
2191 26 39
2192 90 27
2193 45 77
2194 15 16
2195 90 90
2196 44 93
2197 25 7
2198 39 45
2199 25 47
2200 50 76
2201 32 61
2202 6 35
2203 69 53
2204 6 35
2205 19 22
2206 31 68
2207 18 80
2208 87 25
2209 26 33
2210 25 30
2211 0 88
2212 10 62
2213 7 31
2214 57 7
2215 15 19
2216 63 8
2217 100 12
2218 58 43
2219 87 38
2220 50 54
2221 25 88
2222 99 68
2223 23 75
2224 90 57
2225 1 49
2226 86 35
2227 21 93
2228 52 80
2229 11 22
2230 17 81
2231 79 38
2232 63 16
2233 28 80
2234 93 31
2235 10 29
2236 0 20
2237 0 61
2238 18 92
2239 3 60
2240 65 77
2241 5 57
2242 75 23
2243 9 74
2244 26 39
2245 78 70
2246 40 22
2247 96 77
2248 54 77
2249 36 41
2250 73 11
2251 52 69
2252 66 67
2253 55 63
2254 0 88
2255 77 99
2256 68 30
2257 70 21
2258 59 70
2259 33 77
2260 28 47
2261 76 23
2262 72 56
2263 11 11
2264 44 0
2265 16 78
2266 12 10
2267 26 86
2268 12 11
2269 75 14
2270 21 65
2271 18 4
2272 53 26
2273 49 24
2274 24 98
2275 1 7
2276 36 63
2277 58 52
2278 11 68
2279 89 53
2280 64 94
2281 8 21
2282 62 29
2283 33 97
2284 10 96
2285 6 60
2286 75 86
2287 69 76
2288 2 87
2289 14 65
2290 73 94
2291 12 51
2292 97 85
2293 79 33
2294 97 7
2295 52 78
2296 28 62
2297 54 72
2298 23 54
2299 94 52
2300 80 59
2301 35 2
2302 68 17
2303 86 63
2304 19 9
2305 34 91
2306 5 6
2307 11 90
2308 35 55
2309 22 69
2310 38 87
2311 67 16
2312 36 21
2313 7 99
2314 79 65
2315 15 74
2316 18 13
2317 89 87
2318 29 31
2319 72 68
2320 93 79
2321 32 0
2322 45 39
2323 31 67
2324 6 69
2325 19 27
2326 39 42
2327 78 40
2328 43 34
2329 44 41
2330 95 50
2331 41 17
2332 87 52
2333 20 35
2334 72 70
2335 35 2
2336 56 83
2337 41 96
2338 70 78
2339 93 6
2340 13 68
2341 7 90
2342 38 35
2343 64 57
2344 50 10
2345 17 55
2346 42 0
2347 16 98
2348 24 98
2349 19 69
2350 51 91
2351 19 76
2352 95 17
2353 70 13
2354 6 39
2355 43 94
2356 2 47
2357 34 2
2358 90 93
2359 23 1
2360 12 87
2361 4 66
2362 34 77
2363 45 73
2364 100 60
2365 12 94
2366 73 7
2367 41 36
2368 92 2
2369 89 32
2370 13 38
2371 84 85
2372 32 85
2373 55 62
2374 93 11
2375 6 29
2376 88 42
2377 39 92
2378 8 91
2379 80 45
2380 97 58
2381 65 54
2382 48 29
2383 73 76
2384 50 50
2385 95 43
2386 15 45
2387 43 72
2388 97 65
2389 88 80
2390 86 32
2391 14 78
2392 5 69
2393 80 86
2394 57 10
2395 68 96
2396 26 13
2397 29 66
2398 38 44
2399 48 47
2400 40 85
2401 9 80
2402 80 38
2403 85 52
2404 60 13
2405 2 77
2406 10 89
2407 80 73
2408 52 55
2409 76 34
2410 2 35
2411 62 7
2412 25 8
2413 98 52
2414 95 10
2415 95 47
2416 76 96
2417 64 98
2418 99 95
2419 91 46
2420 14 16
2421 95 15
2422 85 40
2423 37 19
2424 65 13
2425 16 8
2426 97 97
2427 95 77
2428 8 83
2429 48 86
2430 3 98
2431 81 91
2432 18 7
2433 66 55
2434 35 34
2435 0 58
2436 90 14
2437 26 37
2438 88 92
2439 63 60
2440 8 88
2441 84 16
2442 95 79
2443 81 84
2444 65 91
2445 95 23
2446 1 34
2447 55 44
2448 96 25
2449 9 38
2450 5 94
2451 51 19
2452 27 96
2453 9 24
2454 2 12
2455 35 61
2456 61 30
2457 89 93
2458 2 19
2459 67 36
2460 0 32
2461 14 16
2462 47 28
2463 53 31
2464 11 42
2465 100 78
2466 5 33
2467 5 62
2468 6 55
2469 4 3
2470 51 41
2471 39 57
2472 27 89
2473 20 23
2474 80 66
2475 13 24
2476 3 1
2477 100 3
2478 78 12
2479 86 81
2480 30 42
2481 94 46
2482 50 9
2483 77 15
2484 32 79
2485 27 63
2486 23 40
2487 17 35
2488 30 82
2489 92 88
2490 32 0
2491 29 2
2492 9 61
2493 97 55
2494 57 25
2495 80 17
2496 98 62
2497 80 94
2498 68 63
2499 3 1
2500 0 56
2501 18 76
2502 61 99
2503 93 87
2504 86 78
2505 19 14
2506 65 83
2507 53 57
2508 35 32
2509 81 11
2510 49 65
2511 84 16
2512 72 50
2513 68 56
2514 66 75
2515 37 5
2516 28 67
2517 41 24
2518 14 52
2519 76 82
2520 86 58
2521 44 30
2522 14 100
2523 57 36
2524 100 94
2525 57 25
2526 1 49
2527 38 47
2528 88 87
2529 63 12
2530 4 40
2531 77 61
2532 4 83
2533 4 39
2534 11 51
2535 54 39
2536 0 10
2537 2 97
2538 2 63
2539 87 58
2540 41 95
2541 36 0
2542 3 83
2543 2 45
2544 52 73
2545 27 91
2546 62 84
2547 20 92
2548 67 66
2549 13 71
2550 86 77
2551 79 60
2552 12 54
2553 84 65
2554 18 19
2555 93 73
2556 89 78
2557 56 59
2558 1 70
2559 99 8
2560 1 77
2561 71 61
2562 27 72
2563 3 99
2564 51 38
2565 65 60
2566 30 21
2567 66 56
2568 55 94
2569 18 21
2570 96 73
2571 71 39
2572 22 41
2573 56 42
2574 44 36
2575 22 26
2576 92 50
2577 61 40
2578 60 74
2579 18 33
2580 18 99
2581 15 4
2582 4 96
2583 65 21
2584 81 36
2585 43 13
2586 41 63
2587 52 36
2588 27 37
2589 100 39
2590 75 47
2591 79 25
2592 49 73
2593 32 28
2594 13 85
2595 3 33
2596 38 67
2597 67 93
2598 24 53
2599 95 99
2600 9 56
2601 47 34
2602 92 17
2603 38 21
2604 78 56
2605 28 28
2606 82 80
2607 33 32
2608 53 40
2609 45 21
2610 29 58
2611 89 30
2612 43 89
2613 40 36
2614 96 8
2615 13 50
2616 82 35
2617 51 1
2618 1 44
2619 62 87
2620 43 100
2621 39 73
2622 11 72
2623 93 48
2624 36 43
2625 54 34
2626 27 90
2627 55 17
2628 75 12
2629 14 74
2630 40 43
2631 74 51
2632 85 9
2633 14 55
2634 6 85
2635 95 17
2636 73 76
2637 60 29
2638 76 52
2639 66 63
2640 39 32
2641 1 57
2642 73 52
2643 99 80
2644 11 56
2645 7 68
2646 23 65
2647 83 84
2648 65 25
2649 73 17
2650 69 75
2651 90 3
2652 51 20
2653 61 15
2654 67 73
2655 64 25
2656 96 10
2657 79 74
2658 95 58
2659 94 30
2660 85 32
2661 28 38
2662 6 34
2663 92 48
2664 7 22
2665 38 30
2666 82 88
2667 12 77
2668 91 54
2669 94 3
2670 76 40
2671 68 1
2672 33 17
2673 26 20
2674 37 89
2675 20 55
2676 24 99
2677 29 22
2678 64 81
2679 8 47
2680 35 67
2681 6 78
2682 15 24
2683 17 30
2684 95 12
2685 11 11
2686 89 8
2687 88 90
2688 50 45
2689 37 33
2690 12 35
2691 0 85
2692 5 13
2693 99 90
2694 77 74
2695 16 58
2696 33 40
2697 83 53
2698 45 4
2699 43 31
2700 100 94
2701 67 79
2702 5 49
2703 19 63
2704 72 39
2705 86 80
2706 80 7
2707 20 50
2708 57 100
2709 73 5
2710 3 29
2711 7 36
2712 82 43
2713 86 2
2714 36 81
2715 10 5
2716 86 23
2717 40 64
2718 53 48
2719 36 72
2720 46 54
2721 75 62
2722 10 86
2723 81 99
2724 20 74
2725 100 23
2726 16 52
2727 64 89
2728 13 3
2729 38 39
2730 29 0
2731 89 21
2732 11 49
2733 36 96
2734 26 88
2735 18 34
2736 87 44
2737 53 89
2738 5 68
2739 6 39
2740 96 27
2741 76 63
2742 16 7
2743 53 64
2744 44 21
2745 39 36
2746 70 92
2747 87 70
2748 44 9
2749 20 17
2750 36 69
2751 97 93
2752 92 60
2753 69 2
2754 89 43
2755 11 90
2756 63 10
2757 17 3
2758 70 98
2759 86 6
2760 35 79
2761 83 61
2762 94 66
2763 21 71
2764 13 81
2765 80 86
2766 93 98
2767 11 26
2768 17 69
2769 25 52
2770 64 50
2771 56 87
2772 82 84
2773 29 13
2774 71 53
2775 84 96
2776 12 53
2777 96 30
2778 9 70
2779 90 59
2780 83 12
2781 60 32
2782 71 35
2783 38 54
2784 74 38
2785 70 58
2786 83 31
2787 7 33
2788 45 61
2789 52 40
2790 53 13
2791 46 25
2792 54 34
2793 80 79
2794 98 85
2795 40 62
2796 87 61
2797 33 57
2798 1 69
2799 90 80
2800 75 52
2801 93 15
2802 4 35
2803 66 53
2804 18 53
2805 30 98
2806 92 99
2807 9 10
2808 39 83
2809 92 58
2810 51 40
2811 64 21
2812 31 44
2813 17 59
2814 27 16
2815 65 16
2816 45 0
2817 85 23
2818 89 71
2819 34 73
2820 68 14
2821 72 96
2822 28 57
2823 57 58
2824 73 95
2825 2 8
2826 100 87
2827 89 88
2828 16 81
2829 56 6
2830 35 37
2831 45 87
2832 52 54
2833 88 13
2834 77 46
2835 73 43
2836 13 74
2837 89 46
2838 44 22
2839 34 32
2840 68 44
2841 51 27
2842 94 3
2843 4 76
2844 48 81
2845 36 57
2846 22 40
2847 49 33
2848 67 78
2849 56 82
2850 73 89
2851 2 14
2852 73 41
2853 76 86
2854 63 53
2855 93 72
2856 96 73
2857 16 48
2858 9 18
2859 81 25
2860 20 87
2861 87 16
2862 3 26
2863 72 95
2864 93 28
2865 9 52
2866 58 54
2867 16 19
2868 16 78
2869 73 68
2870 47 0
2871 26 21
2872 37 85
2873 18 85
2874 33 24
2875 98 0
2876 71 95
2877 57 78
2878 18 92
2879 81 19
2880 13 14
2881 91 52
2882 75 35
2883 70 86
2884 48 66
2885 38 68
2886 18 61
2887 79 22
2888 72 41
2889 80 39
2890 29 77
2891 5 39
2892 52 16
2893 35 11
2894 0 37
2895 46 41
2896 65 34
2897 53 52
2898 44 39
2899 18 80
2900 35 62
2901 76 49
2902 49 73
2903 76 18
2904 0 29
2905 29 82
2906 38 25
2907 99 6
2908 83 7
2909 48 98
2910 18 33
2911 7 57
2912 50 80
2913 24 18
2914 23 63
2915 28 66
2916 75 21
2917 7 92
2918 28 64
2919 44 77
2920 42 17
2921 26 58
2922 60 96
2923 18 100
2924 47 11
2925 42 2
2926 54 9
2927 45 38
2928 55 36
2929 67 75
2930 77 99
2931 46 48
2932 55 4
2933 85 65
2934 42 100
2935 99 33
2936 59 39
2937 8 87
2938 35 41
2939 76 92
2940 97 8
2941 95 87
2942 74 91
2943 33 17
2944 81 94
2945 40 7
2946 99 69
2947 67 82
2948 13 28
2949 27 93
2950 97 1
2951 17 98
2952 1 15
2953 35 50
2954 60 81
2955 84 35
2956 68 42
2957 8 99
2958 63 40
2959 22 70
2960 34 84
2961 7 42
2962 7 91
2963 90 1
2964 79 15
2965 100 79
2966 82 61
2967 35 95
2968 14 2
2969 46 28
2970 36 27
2971 18 64
2972 85 20
2973 77 45
2974 43 96
2975 51 30
2976 82 35
2977 19 9
2978 8 23
2979 13 1
2980 91 1
2981 78 53
2982 40 33
2983 76 9
2984 21 95
2985 64 35
2986 93 99
2987 67 92
2988 0 55
2989 5 45
2990 77 91
2991 54 74
2992 40 22
2993 36 28
2994 19 81
2995 52 24
2996 37 81
2997 22 4
2998 69 94
2999 85 54
3000 27 37
3001 99 30
3002 90 55
3003 70 57
3004 32 22
3005 0 34
3006 0 40
3007 63 15
3008 72 37
3009 85 18
3010 62 11
3011 34 6
3012 14 99
3013 67 3
3014 38 82
3015 83 39
3016 50 8
3017 93 83
3018 49 79
3019 16 88
3020 85 28
3021 82 77
3022 33 94
3023 18 20
3024 95 24
3025 29 1
3026 60 40
3027 52 39
3028 60 49
3029 65 60
3030 19 27
3031 45 35
3032 22 87
3033 34 16
3034 73 46
3035 47 46
3036 84 89
3037 54 38
3038 92 90
3039 94 78
3040 100 77
3041 68 95
3042 22 60
3043 91 85
3044 9 42
3045 84 35
3046 40 80
3047 84 88
3048 28 25
3049 43 88
3050 6 73
3051 17 98
3052 1 25
3053 31 6
3054 15 11
3055 91 44
3056 94 42
3057 60 37
3058 1 14
3059 55 75
3060 44 12
3061 47 85
3062 37 67
3063 46 13
3064 9 95
3065 0 63
3066 94 11
3067 36 1
3068 81 29
3069 61 29
3070 87 84
3071 19 65
3072 74 30
3073 92 42
3074 27 82
3075 71 50
3076 75 72
3077 81 30
3078 17 40
3079 29 12
3080 43 5
3081 93 23
3082 37 76
3083 38 97
3084 15 100
3085 88 33
3086 6 51
3087 74 79
3088 1 23
3089 54 73
3090 63 68
3091 49 70
3092 18 83
3093 21 91
3094 97 41
3095 28 43
3096 71 42
3097 62 15
3098 38 53
3099 43 26
3100 1 10
3101 65 26
3102 9 95
3103 64 91
3104 65 47
3105 87 13
3106 86 13
3107 29 82
3108 51 34
3109 94 42
3110 9 16
3111 33 11
3112 3 67
3113 40 83
3114 93 6
3115 52 43
3116 73 12
3117 34 86
3118 38 35
3119 98 49
3120 59 99
3121 10 3
3122 1 44
3123 75 65
3124 88 55
3125 50 20
3126 83 45
3127 85 87
3128 89 96
3129 38 60
3130 40 76
3131 25 96
3132 91 99
3133 3 10
3134 67 28
3135 3 35
3136 76 51
3137 33 97
3138 83 54
3139 39 88
3140 24 60
3141 94 88
3142 44 13
3143 22 34
3144 81 40
3145 72 60
3146 97 88
3147 11 24
3148 52 35
3149 12 74
3150 41 72
3151 52 46
3152 43 94
3153 21 90
3154 92 71
3155 45 78
3156 88 75
3157 31 77
3158 67 6
3159 38 87
3160 89 100
3161 78 51
3162 84 94
3163 89 6
3164 3 91
3165 96 100
3166 2 34
3167 36 90
3168 63 77
3169 38 9
3170 45 89
3171 93 57
3172 56 21
3173 40 17
3174 86 2
3175 32 49
3176 81 39
3177 88 76
3178 91 51
3179 10 5
3180 60 26
3181 90 68
3182 57 76
3183 65 24
3184 66 19
3185 34 82
3186 92 19
3187 97 25
3188 89 39
3189 43 58
3190 11 63
3191 68 4
3192 17 82
3193 22 46
3194 37 6
3195 72 48
3196 71 43
3197 41 37
3198 58 72
3199 67 5
3200 60 35
3201 33 11
3202 71 11
3203 72 77
3204 42 59
3205 6 67
3206 63 98
3207 17 80
3208 75 1
3209 64 24
3210 27 49
3211 44 70
3212 52 84
3213 46 22
3214 44 91
3215 79 71
3216 66 28
3217 23 6
3218 34 90
3219 9 72
3220 42 55
3221 48 29
3222 60 74
3223 34 57
3224 85 62
3225 30 93
3226 35 99
3227 60 5
3228 74 79
3229 28 13
3230 60 33
3231 58 49
3232 41 94
3233 4 19
3234 52 42
3235 9 70
3236 69 39
3237 21 70
3238 17 84
3239 39 45
3240 21 4
3241 22 65
3242 0 54
3243 5 87
3244 75 99
3245 99 96
3246 62 90
3247 32 91
3248 40 81
3249 7 84
3250 9 96
3251 42 81
3252 60 6
3253 100 80
3254 82 57
3255 3 15
3256 95 4
3257 5 95
3258 7 12
3259 56 50
3260 42 59
3261 38 39
3262 3 70
3263 21 90
3264 43 64
3265 5 68
3266 62 8
3267 52 86
3268 56 10
3269 80 32
3270 36 40
3271 66 69
3272 60 23
3273 22 79
3274 36 29
3275 77 50
3276 31 11
3277 65 54
3278 67 0
3279 5 8
3280 83 19
3281 78 12
3282 100 75
3283 7 62
3284 45 46
3285 15 100
3286 13 22
3287 73 71
3288 61 53
3289 53 3
3290 59 29
3291 40 46
3292 28 48
3293 5 84
3294 43 2
3295 51 87
3296 64 29
3297 72 74
3298 18 3
3299 91 74
3300 62 6
3301 97 59
3302 85 17
3303 34 77
3304 59 29
3305 57 63
3306 76 97
3307 37 73
3308 96 47
3309 47 90
3310 81 35
3311 77 96
3312 84 51
3313 68 1
3314 91 35
3315 16 39
3316 43 51
3317 89 12
3318 41 76
3319 35 3
3320 27 36
3321 75 88
3322 14 26
3323 36 1
3324 35 62
3325 48 98
3326 94 78
3327 46 46
3328 57 20
3329 82 8
3330 88 78
3331 64 64
3332 45 19
3333 61 93
3334 4 64
3335 59 8
3336 65 56
3337 92 77
3338 95 96
3339 48 98
3340 81 54
3341 60 36
3342 87 81
3343 66 2
3344 100 5
3345 77 28
3346 25 75
3347 23 46
3348 93 22
3349 90 32
3350 41 92
3351 97 62
3352 88 75
3353 32 72
3354 7 54
3355 81 35
3356 64 13
3357 48 94
3358 20 16
3359 69 38
3360 100 7
3361 73 3
3362 33 67
3363 3 51
3364 68 0
3365 32 99
3366 22 34
3367 1 1
3368 7 79
3369 12 89
3370 50 94
3371 4 14
3372 37 31
3373 45 89
3374 46 33
3375 36 38
3376 42 67
3377 89 15
3378 97 9
3379 12 86
3380 21 20
3381 71 17
3382 23 68
3383 7 77
3384 76 3
3385 91 47
3386 27 49
3387 85 66
3388 29 32
3389 60 26
3390 56 76
3391 63 59
3392 57 15
3393 19 18
3394 1 36
3395 88 21
3396 49 26
3397 51 70
3398 13 82
3399 57 88
3400 95 100
3401 69 96
3402 4 89
3403 17 77
3404 82 47
3405 99 47
3406 47 57
3407 35 11
3408 99 57
3409 2 63
3410 95 8
3411 52 39
3412 60 12
3413 0 67
3414 41 65
3415 72 83
3416 16 84
3417 81 92
3418 25 68
3419 49 56
3420 4 28
3421 31 84
3422 63 52
3423 41 34
3424 38 20
3425 21 57
3426 6 66
3427 4 29
3428 38 57
3429 29 3
3430 15 20
3431 88 35
3432 62 78
3433 30 21
3434 30 29
3435 80 78
3436 37 67
3437 38 18
3438 27 69
3439 45 83
3440 26 67
3441 92 24
3442 70 83
3443 16 69
3444 5 100
3445 99 9
3446 41 49
3447 97 81
3448 12 28
3449 28 10
3450 100 36
3451 47 2
3452 18 10
3453 84 80
3454 54 53
3455 5 56
3456 49 77
3457 7 61
3458 8 66
3459 100 10
3460 83 41
3461 40 14
3462 6 27
3463 7 5
3464 17 67
3465 75 31
3466 97 10
3467 5 75
3468 29 65
3469 47 8
3470 83 98
3471 79 65
3472 6 35
3473 47 10
3474 35 29
3475 16 90
3476 14 55
3477 93 41
3478 61 68
3479 81 33
3480 34 47
3481 8 41
3482 98 75
3483 58 45
3484 6 95
3485 58 53
3486 21 23
3487 55 11
3488 60 86
3489 5 29
3490 16 84
3491 16 89
3492 94 82
3493 18 13
3494 61 23
3495 97 86
3496 52 20
3497 3 97
3498 16 48
3499 18 33
3500 53 0
3501 58 81
3502 88 81
3503 31 73
3504 27 60
3505 97 92
3506 100 3
3507 32 36
3508 9 24
3509 72 77
3510 41 19
3511 31 42
3512 99 74
3513 14 20
3514 52 48
3515 52 61
3516 77 70
3517 8 25
3518 28 64
3519 30 21
3520 43 64
3521 80 84
3522 11 80
3523 78 70
3524 59 41
3525 44 77
3526 75 75
3527 69 72
3528 19 97
3529 57 86
3530 89 38
3531 34 53
3532 72 50
3533 78 93
3534 91 29
3535 67 60
3536 56 60
3537 53 4
3538 36 10
3539 79 35
3540 25 96
3541 95 55
3542 20 14
3543 41 7
3544 30 7
3545 68 21
3546 4 91
3547 53 46
3548 18 43
3549 95 16
3550 1 44
3551 52 90
3552 36 83
3553 40 79
3554 68 37
3555 26 34
3556 57 29
3557 89 82
3558 10 96
3559 49 38
3560 85 16
3561 33 32
3562 5 67
3563 59 55
3564 26 19
3565 65 31
3566 10 26
3567 7 98
3568 28 28
3569 62 32
3570 37 98
3571 58 79
3572 85 1
3573 28 32
3574 62 46
3575 28 34
3576 18 34
3577 49 35
3578 69 76
3579 66 26
3580 49 37
3581 54 16
3582 32 43
3583 19 59
3584 27 48
3585 99 22
3586 86 56
3587 32 5
3588 95 79
3589 4 16
3590 62 1
3591 22 90
3592 3 22
3593 90 85
3594 73 85
3595 1 49
3596 7 92
3597 73 11
3598 47 27
3599 8 68
3600 43 35
3601 37 3
3602 23 39
3603 81 83
3604 77 47
3605 49 56
3606 58 96
3607 28 95
3608 18 69
3609 35 3
3610 11 96
3611 61 45
3612 75 34
3613 42 15
3614 15 15
3615 42 2
3616 51 9
3617 75 88
3618 65 61
3619 97 82
3620 50 37
3621 12 97
3622 71 1
3623 34 18
3624 57 10
3625 60 85
3626 67 78
3627 67 84
3628 20 10
3629 72 91
3630 40 32
3631 55 31
3632 48 49
3633 51 45
3634 71 61
3635 37 0
3636 35 23
3637 9 40
3638 36 2
3639 7 25
3640 74 76
3641 41 87
3642 41 90
3643 75 49
3644 6 17
3645 79 2
3646 90 11
3647 57 54
3648 80 86
3649 21 49
3650 92 79
3651 25 30
3652 68 63
3653 95 14
3654 66 88
3655 73 80
3656 37 49
3657 79 64
3658 22 86
3659 55 94
3660 4 2
3661 47 44
3662 68 62
3663 6 61
3664 29 77
3665 40 48
3666 70 20
3667 98 37
3668 38 41
3669 54 71
3670 37 24
3671 76 1
3672 66 77
3673 18 49
3674 75 39
3675 23 66
3676 22 91
3677 58 30
3678 28 98
3679 48 70
3680 65 6
3681 68 43
3682 97 10
3683 79 0
3684 28 11
3685 23 52
3686 35 9
3687 60 96
3688 32 34
3689 76 66
3690 28 11
3691 17 81
3692 41 65
3693 74 81
3694 19 15
3695 97 99
3696 61 21
3697 69 73
3698 72 31
3699 21 84
3700 12 54
3701 66 20
3702 17 72
3703 59 89
3704 64 50
3705 52 38
3706 24 2
3707 43 15
3708 51 32
3709 52 58
3710 73 44
3711 39 26
3712 35 31
3713 54 21
3714 24 12
3715 41 30
3716 52 44
3717 61 14
3718 77 44
3719 4 92
3720 25 88
3721 71 10
3722 29 66
3723 93 79
3724 79 85
3725 39 54
3726 62 55
3727 50 91
3728 37 66
3729 86 84
3730 99 45
3731 64 75
3732 93 31
3733 82 16
3734 34 33
3735 4 94
3736 86 17
3737 11 78
3738 13 55
3739 74 81
3740 93 71
3741 25 14
3742 95 65
3743 28 28
3744 16 44
3745 31 71
3746 47 19
3747 43 57
3748 50 61
3749 19 40
3750 4 47
3751 79 5
3752 7 23
3753 77 65
3754 56 49
3755 45 46
3756 11 41
3757 77 27
3758 32 3
3759 98 62
3760 70 6
3761 10 2
3762 18 68
3763 1 44
3764 17 95
3765 66 20
3766 78 71
3767 43 64
3768 11 64
3769 38 18
3770 5 22
3771 94 35
3772 11 21
3773 66 28
3774 86 29
3775 9 12
3776 70 55
3777 56 70
3778 64 49
3779 28 5
3780 16 19
3781 67 80
3782 57 45
3783 12 8
3784 50 5
3785 36 37
3786 24 32
3787 96 27
3788 100 30
3789 40 1
3790 61 64
3791 60 96
3792 87 40
3793 39 45
3794 35 47
3795 100 25
3796 64 90
3797 50 86
3798 33 55
3799 100 55
3800 81 69
3801 10 69
3802 4 31
3803 81 12
3804 41 31
3805 45 68
3806 37 45
3807 13 15
3808 28 60
3809 44 49
3810 95 49
3811 74 71
3812 35 32
3813 64 59
3814 40 57
3815 80 53
3816 54 27
3817 64 64
3818 81 87
3819 87 89
3820 17 37
3821 58 1
3822 49 97
3823 73 4
3824 48 35
3825 20 86
3826 2 37
3827 19 17
3828 78 42
3829 56 65
3830 9 43
3831 47 5
3832 62 6
3833 52 88
3834 26 54
3835 70 79
3836 44 70
3837 85 55
3838 53 41
3839 39 21
3840 55 56
3841 87 39
3842 32 76
3843 91 58
3844 40 60
3845 67 57
3846 75 99
3847 39 10
3848 85 10
3849 42 49
3850 77 52
3851 56 94
3852 98 24
3853 69 90
3854 4 60
3855 45 30
3856 79 47
3857 95 3
3858 44 87
3859 98 49
3860 63 81
3861 21 54
3862 56 87
3863 11 88
3864 47 70
3865 3 23
3866 78 24
3867 52 17
3868 73 94
3869 75 7
3870 53 46
3871 79 52
3872 90 25
3873 34 38
3874 68 32
3875 65 1
3876 97 21
3877 10 77
3878 35 17
3879 44 41
3880 21 84
3881 14 81
3882 67 79
3883 29 19
3884 25 29
3885 54 3
3886 49 78
3887 55 46
3888 90 4
3889 64 30
3890 15 61
3891 46 97
3892 5 63
3893 40 48
3894 79 15
3895 11 30
3896 37 5
3897 83 93
3898 100 25
3899 65 22
3900 4 2
3901 59 51
3902 82 15
3903 74 13
3904 6 59
3905 18 70
3906 78 69
3907 52 81
3908 84 33
3909 7 29
3910 0 38
3911 95 60
3912 65 34
3913 50 85
3914 15 72
3915 72 51
3916 8 33
3917 37 22
3918 22 43
3919 75 14
3920 51 45
3921 21 15
3922 4 43
3923 49 28
3924 42 95
3925 39 47
3926 88 31
3927 64 57
3928 27 79
3929 2 0
3930 87 35
3931 2 39
3932 40 54
3933 64 13
3934 49 7
3935 41 74
3936 5 28
3937 3 55
3938 46 4
3939 96 6
3940 53 20
3941 94 31
3942 46 93
3943 38 73
3944 48 95
3945 72 58
3946 56 33
3947 75 35
3948 74 92
3949 12 38
3950 57 47
3951 23 27
3952 35 65
3953 78 47
3954 72 61
3955 38 99
3956 8 85
3957 50 52
3958 57 38
3959 2 98
3960 77 45
3961 55 75
3962 22 13
3963 57 4
3964 96 88
3965 36 29
3966 59 19
3967 24 44
3968 52 57
3969 12 73
3970 80 48
3971 41 38
3972 47 96
3973 56 62
3974 24 72
3975 74 37
3976 63 4
3977 13 11
3978 5 57
3979 41 32
3980 85 37
3981 2 24
3982 33 97
3983 52 76
3984 13 53
3985 1 64
3986 51 75
3987 70 51
3988 4 79
3989 70 79
3990 84 51
3991 5 13
3992 73 9
3993 3 29
3994 55 27
3995 42 18
3996 5 10
3997 48 56
3998 91 20
3999 50 26
4000 89 71
4001 64 11
4002 57 13
4003 21 28
4004 64 42
4005 90 89
4006 52 73
4007 39 66
4008 24 69
4009 48 61
4010 63 19
4011 85 58
4012 87 8
4013 54 47
4014 28 2
4015 28 46
4016 78 18
4017 79 32
4018 26 40
4019 32 33
4020 7 17
4021 83 67
4022 74 43
4023 57 86
4024 46 71
4025 80 69
4026 55 11
4027 14 1
4028 10 28
4029 7 25
4030 78 1
4031 58 26
4032 22 87
4033 42 95
4034 39 100
4035 50 85
4036 19 78
4037 43 94
4038 6 58
4039 16 90
4040 97 26
4041 69 69
4042 11 65
4043 11 75
4044 33 98
4045 90 32
4046 81 22
4047 99 68
4048 70 47
4049 63 99
4050 61 64
4051 23 43
4052 10 4
4053 29 19
4054 76 100
4055 89 63
4056 97 50
4057 14 45
4058 96 67
4059 59 91
4060 38 23
4061 28 79
4062 26 50
4063 80 15
4064 8 59
4065 50 91
4066 53 26
4067 29 87
4068 51 6
4069 4 37
4070 65 58
4071 75 2
4072 20 5
4073 78 63
4074 32 6
4075 43 52
4076 0 78
4077 1 94
4078 63 96
4079 47 0
4080 47 6
4081 99 51
4082 50 38
4083 99 60
4084 74 52
4085 31 33
4086 33 28
4087 10 67
4088 85 84
4089 90 2
4090 87 93
4091 91 57
4092 48 39
4093 50 12
4094 7 57
4095 48 33
4096 86 46
4097 73 28
4098 62 21
4099 7 92
4100 54 38
4101 100 43
4102 66 68
4103 23 98
4104 76 98
4105 92 76
4106 35 6
4107 33 86
4108 59 40
4109 86 46
4110 77 100
4111 17 22
4112 33 87
4113 78 32
4114 51 25
4115 41 99
4116 75 41
4117 71 97
4118 24 24
4119 6 20
4120 64 37
4121 84 59
4122 55 27
4123 18 10
4124 6 73
4125 45 27
4126 89 94
4127 46 96
4128 88 51
4129 8 87
4130 74 33
4131 27 56
4132 70 40
4133 67 57
4134 69 48
4135 86 67
4136 13 77
4137 16 51
4138 92 40
4139 62 48
4140 24 16
4141 62 79
4142 57 64
4143 70 0
4144 54 67
4145 25 2
4146 37 55
4147 2 0
4148 64 12
4149 30 77
4150 24 34
4151 65 78
4152 35 80
4153 48 2
4154 17 54
4155 7 9
4156 74 56
4157 51 67
4158 52 55
4159 89 35
4160 79 22
4161 32 83
4162 7 81
4163 74 34
4164 72 42
4165 50 29
4166 6 16
4167 40 20
4168 50 71
4169 92 39
4170 84 48
4171 90 77
4172 38 91
4173 7 62
4174 80 13
4175 94 73
4176 25 83
4177 0 65
4178 86 68
4179 29 51
4180 95 29
4181 44 62
4182 47 71
4183 49 37
4184 21 48
4185 42 94
4186 14 57
4187 22 62
4188 89 84
4189 73 19
4190 99 45
4191 46 37
4192 19 2
4193 65 36
4194 31 42
4195 85 87
4196 61 34
4197 44 50
4198 18 76
4199 88 34
4200 14 70
4201 95 97
4202 50 10
4203 29 32
4204 47 15
4205 36 2
4206 6 10
4207 30 0
4208 93 71
4209 16 36
4210 68 53
4211 41 0
4212 51 75
4213 19 19
4214 71 8
4215 83 4
4216 43 42
4217 5 17
4218 33 40
4219 94 57
4220 78 23
4221 72 34
4222 10 19
4223 25 50
4224 5 8
4225 16 86
4226 29 23
4227 9 93
4228 67 12
4229 10 85
4230 43 7
4231 17 86
4232 51 38
4233 22 59
4234 3 47
4235 33 89
4236 48 88
4237 18 62
4238 97 19
4239 19 47
4240 31 70
4241 78 87
4242 65 18
4243 81 88
4244 90 42
4245 29 4
4246 63 68
4247 89 0
4248 80 12
4249 16 85
4250 2 49
4251 49 83
4252 14 87
4253 6 86
4254 56 81
4255 40 25
4256 12 65
4257 72 89
4258 93 25
4259 63 93
4260 73 77
4261 56 16
4262 90 32
4263 69 21
4264 35 61
4265 1 70
4266 21 0
4267 47 92
4268 55 90
4269 5 83
4270 9 30
4271 55 54
4272 3 13
4273 46 59
4274 43 1
4275 40 16
4276 79 74
4277 5 11
4278 90 58
4279 2 68
4280 70 70
4281 48 94
4282 3 22
4283 41 91
4284 81 5
4285 36 18
4286 34 77
4287 71 15
4288 58 12
4289 47 31
4290 74 12
4291 81 17
4292 55 67
4293 100 5
4294 23 28
4295 38 8
4296 52 41
4297 14 100
4298 72 78
4299 10 28
4300 48 37
4301 30 57
4302 3 83
4303 13 96
4304 71 71
4305 66 19
4306 98 62
4307 1 45
4308 67 73
4309 28 68
4310 74 65
4311 12 11
4312 51 93
4313 90 33
4314 60 68
4315 93 97
4316 60 83
4317 96 30
4318 3 19
4319 67 83
4320 47 54
4321 41 6
4322 77 3
4323 27 6
4324 31 2
4325 74 33
4326 64 97
4327 23 17
4328 11 97
4329 81 27
4330 45 33
4331 15 70
4332 80 33
4333 58 41
4334 74 91
4335 93 36
4336 35 8
4337 51 42
4338 28 27
4339 91 50
4340 13 39
4341 99 67
4342 0 89
4343 14 87
4344 49 32
4345 28 34
4346 15 87
4347 70 60
4348 36 67
4349 32 87
4350 67 63
4351 26 30
4352 59 91
4353 50 5
4354 49 83
4355 63 10
4356 30 69
4357 33 53
4358 6 51
4359 65 26
4360 87 12
4361 31 95
4362 81 39
4363 49 32
4364 18 49
4365 99 62
4366 43 91
4367 24 78
4368 35 6
4369 88 75
4370 32 7
4371 31 80
4372 87 83
4373 11 40
4374 30 40
4375 95 96
4376 76 37
4377 79 87
4378 85 89
4379 99 51
4380 33 97
4381 53 30
4382 86 62
4383 22 52
4384 36 70
4385 6 45
4386 40 60
4387 61 42
4388 44 42
4389 92 72
4390 46 56
4391 54 14
4392 16 19
4393 2 23
4394 82 2
4395 45 37
4396 66 57
4397 17 16
4398 2 11
4399 21 100
4400 54 48
4401 78 24
4402 74 4
4403 11 57
4404 68 45
4405 75 96
4406 31 39
4407 25 47
4408 72 55
4409 4 11
4410 86 63
4411 87 24
4412 60 79
4413 92 19
4414 98 96
4415 86 61
4416 66 32
4417 46 66
4418 57 73
4419 8 19
4420 29 92
4421 88 79
4422 27 25
4423 91 60
4424 96 36
4425 48 99
4426 60 0
4427 51 15
4428 66 68
4429 31 15
4430 90 67
4431 6 13
4432 33 99
4433 14 83
4434 80 65
4435 66 79
4436 30 52
4437 36 50
4438 41 69
4439 68 23
4440 9 37
4441 59 49
4442 36 71
4443 38 2
4444 33 77
4445 84 21
4446 81 88
4447 62 32
4448 18 90
4449 24 53
4450 59 2
4451 26 52
4452 21 93
4453 55 49
4454 23 38
4455 46 78
4456 84 90
4457 4 90
4458 87 10
4459 25 35
4460 7 79
4461 4 63
4462 34 51
4463 80 52
4464 52 85
4465 65 17
4466 57 45
4467 64 56
4468 32 24
4469 53 31
4470 42 100
4471 30 17
4472 87 98
4473 91 89
4474 71 94
4475 24 24
4476 42 72
4477 65 22
4478 0 88
4479 56 53
4480 51 18
4481 82 3
4482 25 40
4483 55 12
4484 51 100
4485 46 3
4486 27 53
4487 56 82
4488 66 29
4489 15 9
4490 98 47
4491 97 33
4492 97 97
4493 18 53
4494 95 6
4495 42 27
4496 33 46
4497 25 55
4498 85 98
4499 13 42
4500 82 20
4501 2 5
4502 44 72
4503 94 37
4504 92 15
4505 86 24
4506 3 0
4507 94 99
4508 70 40
4509 7 80
4510 54 43
4511 66 50
4512 98 1
4513 75 19
4514 12 26
4515 0 95
4516 19 24
4517 98 19
4518 63 2
4519 56 60
4520 82 25
4521 0 60
4522 70 45
4523 69 25
4524 38 46
4525 4 57
4526 92 13
4527 38 90
4528 67 93
4529 35 25
4530 63 55
4531 0 12
4532 19 88
4533 28 97
4534 2 89
4535 67 18
4536 86 44
4537 87 47
4538 25 12
4539 94 59
4540 59 4
4541 39 1
4542 79 36
4543 82 30
4544 15 21
4545 43 99
4546 93 10
4547 56 87
4548 4 14
4549 33 67
4550 19 64
4551 59 78
4552 95 53
4553 2 69
4554 63 19
4555 69 83
4556 53 12
4557 63 100
4558 28 51
4559 53 10
4560 28 50
4561 15 25
4562 18 68
4563 78 68
4564 99 77
4565 58 30
4566 33 29
4567 17 83
4568 73 0
4569 23 91
4570 3 2
4571 23 55
4572 15 31
4573 74 75
4574 47 24
4575 43 52
4576 67 45
4577 15 60
4578 32 15
4579 15 59
4580 67 44
4581 5 100
4582 5 88
4583 43 84
4584 86 85
4585 2 2
4586 99 19
4587 37 25
4588 72 57
4589 40 27
4590 22 20
4591 26 83
4592 25 93
4593 8 94
4594 37 7
4595 65 16
4596 46 98
4597 83 74
4598 5 88
4599 53 40
4600 82 48
4601 98 54
4602 7 44
4603 83 17
4604 28 73
4605 99 6
4606 98 50
4607 80 0
4608 21 55
4609 57 73
4610 8 95
4611 51 99
4612 38 58
4613 38 21
4614 81 18
4615 90 41
4616 44 28
4617 56 77
4618 63 38
4619 97 63
4620 44 69
4621 60 62
4622 69 83
4623 52 49
4624 69 56
4625 57 23
4626 35 62
4627 56 18
4628 68 38
4629 74 15
4630 42 40
4631 18 60
4632 21 66
4633 85 23
4634 19 39
4635 28 56
4636 87 63
4637 36 63
4638 69 46
4639 18 63
4640 70 6
4641 35 83
4642 86 81
4643 46 95
4644 71 54
4645 85 54
4646 4 54
4647 48 5
4648 35 69
4649 71 82
4650 89 52
4651 9 81
4652 85 86
4653 1 82
4654 59 85
4655 68 16
4656 20 26
4657 94 63
4658 35 69
4659 98 98
4660 46 75
4661 65 60
4662 97 0
4663 32 7
4664 6 71
4665 25 17
4666 57 13
4667 90 34
4668 36 4
4669 14 24
4670 52 26
4671 99 57
4672 4 55
4673 23 10
4674 47 98
4675 6 41
4676 98 28
4677 25 87
4678 4 97
4679 45 79
4680 23 15
4681 74 25
4682 64 94
4683 73 21
4684 55 21
4685 1 75
4686 71 38
4687 63 84
4688 70 64
4689 100 84
4690 39 43
4691 68 61
4692 28 10
4693 12 51
4694 29 61
4695 85 65
4696 95 58
4697 7 63
4698 15 93
4699 26 28
4700 75 80
4701 86 93
4702 33 62
4703 65 67
4704 8 89
4705 6 31
4706 26 17
4707 76 81
4708 31 91
4709 24 7
4710 73 35
4711 54 36
4712 88 41
4713 95 74
4714 19 23
4715 61 20
4716 26 88
4717 90 17
4718 19 38
4719 44 68
4720 71 70
4721 89 65
4722 30 44
4723 80 69
4724 27 12
4725 56 88
4726 84 43
4727 7 68
4728 14 66
4729 60 7
4730 41 81
4731 45 11
4732 18 61
4733 95 10
4734 32 89
4735 56 62
4736 85 3
4737 87 36
4738 21 49
4739 36 77
4740 82 34
4741 92 14
4742 64 6
4743 80 96
4744 100 17
4745 36 65
4746 43 10
4747 45 43
4748 88 78
4749 52 8
4750 68 64
4751 62 34
4752 18 4
4753 87 50
4754 40 76
4755 21 73
4756 82 46
4757 56 19
4758 28 87
4759 49 57
4760 26 64
4761 61 10
4762 7 30
4763 63 89
4764 75 0
4765 11 33
4766 38 52
4767 40 98
4768 25 16
4769 10 87
4770 7 19
4771 76 30
4772 1 79
4773 82 26
4774 80 26
4775 1 37
4776 3 16
4777 7 93
4778 55 96
4779 52 85
4780 76 75
4781 97 18
4782 19 48
4783 3 23
4784 27 49
4785 73 32
4786 58 33
4787 85 19
4788 70 27
4789 41 23
4790 76 90
4791 72 64
4792 47 83
4793 76 33
4794 0 93
4795 48 58
4796 9 46
4797 94 61
4798 18 99
4799 21 15
4800 76 85
4801 42 58
4802 28 57
4803 89 29
4804 85 0
4805 5 51
4806 8 46
4807 19 12
4808 73 50
4809 2 4
4810 86 15
4811 28 63
4812 75 23
4813 67 3
4814 76 90
4815 92 37
4816 23 84
4817 69 3
4818 59 28
4819 24 97
4820 17 45
4821 60 23
4822 33 50
4823 63 10
4824 7 90
4825 2 92
4826 73 41
4827 5 30
4828 86 76
4829 82 45
4830 14 68
4831 11 6
4832 13 19
4833 96 84
4834 81 83
4835 96 1
4836 69 86
4837 1 49
4838 54 2
4839 20 83
4840 48 44
4841 3 33
4842 64 48
4843 37 90
4844 100 44
4845 49 76
4846 98 54
4847 25 86
4848 6 13
4849 68 69
4850 95 93
4851 41 7
4852 38 62
4853 75 41
4854 95 44
4855 72 90
4856 80 65
4857 23 17
4858 31 27
4859 19 13
4860 47 84
4861 59 55
4862 71 51
4863 91 68
4864 34 92
4865 21 40
4866 36 43
4867 54 94
4868 62 26
4869 94 15
4870 28 46
4871 74 49
4872 28 19
4873 14 62
4874 54 88
4875 49 22
4876 87 78
4877 49 77
4878 44 38
4879 29 53
4880 79 47
4881 73 56
4882 30 33
4883 37 4
4884 74 52
4885 11 35
4886 22 23
4887 79 55
4888 1 86
4889 73 48
4890 73 39
4891 82 96
4892 32 91
4893 66 6
4894 75 74
4895 83 50
4896 45 79
4897 100 27
4898 90 17
4899 98 53
4900 38 85
4901 57 23
4902 67 30
4903 69 13
4904 55 43
4905 43 56
4906 89 60
4907 29 64
4908 6 16
4909 23 58
4910 2 95
4911 100 56
4912 82 32
4913 53 80
4914 0 10
4915 67 62
4916 10 53
4917 88 9
4918 32 78
4919 91 54
4920 41 6
4921 71 0
4922 61 46
4923 4 17
4924 100 0
4925 12 83
4926 42 95
4927 39 20
4928 50 73
4929 98 20
4930 99 82
4931 18 31
4932 55 45
4933 35 41
4934 14 38
4935 28 68
4936 62 64
4937 96 8
4938 57 26
4939 0 52
4940 34 78
4941 26 33
4942 22 59
4943 54 75
4944 83 53
4945 23 22
4946 17 94
4947 75 71
4948 14 14
4949 25 100
4950 0 27
4951 41 14
4952 61 80
4953 18 85
4954 85 11
4955 98 81
4956 81 39
4957 68 8
4958 2 95
4959 68 1
4960 79 56
4961 77 50
4962 24 40
4963 21 89
4964 94 61
4965 75 75
4966 81 72
4967 98 25
4968 26 94
4969 45 94
4970 89 39
4971 96 79
4972 24 89
4973 94 82
4974 70 50
4975 11 77
4976 42 4
4977 41 69
4978 11 48
4979 69 65
4980 80 39
4981 26 93
4982 41 84
4983 42 29
4984 88 12
4985 98 17
4986 14 18
4987 100 50
4988 33 28
4989 84 15
4990 20 15
4991 4 76
4992 30 7
4993 78 52
4994 62 92
4995 70 84
4996 40 85
4997 29 2
4998 57 88
4999 47 40
5000 99 52
5001 10 91
5002 13 37
5003 46 81
5004 81 91
5005 1 92
5006 98 76
5007 24 3
5008 8 28
5009 48 98
5010 66 7
5011 58 13
5012 96 59
5013 81 95
5014 66 99
5015 67 14
5016 21 87
5017 37 11
5018 19 43
5019 37 74
5020 22 75
5021 15 19
5022 44 11
5023 94 50
5024 3 6
5025 92 42
5026 97 57
5027 82 99
5028 23 69
5029 81 20
5030 39 56
5031 87 14
5032 9 45
5033 35 29
5034 50 77
5035 41 17
5036 97 50
5037 57 91
5038 28 53
5039 78 55
5040 75 52
5041 15 53
5042 63 25
5043 57 43
5044 27 86
5045 22 42
5046 92 34
5047 90 24
5048 80 61
5049 22 47
5050 7 21
5051 89 94
5052 98 48
5053 18 14
5054 77 33
5055 62 67
5056 88 93
5057 43 41
5058 26 59
5059 42 36
5060 77 46
5061 75 45
5062 80 67
5063 17 64
5064 100 85
5065 50 71
5066 54 99
5067 45 69
5068 97 76
5069 35 15
5070 48 52
5071 19 56
5072 57 14
5073 77 17
5074 13 65
5075 96 59
5076 67 79
5077 0 0
5078 20 28
5079 18 46
5080 16 27
5081 0 79
5082 49 51
5083 47 84
5084 22 60
5085 88 12
5086 70 59
5087 53 44
5088 61 62
5089 31 17
5090 90 100
5091 16 37
5092 71 11
5093 27 38
5094 67 25
5095 48 19
5096 15 86
5097 58 24
5098 67 42
5099 12 76
5100 76 84
5101 88 15
5102 16 24
5103 25 52
5104 81 50
5105 3 9
5106 37 42
5107 20 37
5108 8 17
5109 89 84
5110 74 35
5111 19 80
5112 45 81
5113 91 81
5114 67 51
5115 5 72
5116 59 20
5117 14 64
5118 42 25
5119 99 41
5120 3 90
5121 17 34
5122 45 14
5123 4 6
5124 80 75
5125 83 31
5126 98 96
5127 65 10
5128 15 44
5129 75 66
5130 86 0
5131 97 78
5132 81 18
5133 83 26
5134 99 8
5135 68 37
5136 44 17
5137 18 48
5138 7 71
5139 74 53
5140 45 43
5141 86 56
5142 86 34
5143 75 99
5144 0 8
5145 0 21
5146 82 90
5147 8 18
5148 52 38
5149 12 84
5150 88 66
5151 22 50
5152 94 40
5153 26 99
5154 71 58
5155 69 20
5156 85 29
5157 78 90
5158 58 69
5159 90 94
5160 78 52
5161 51 54
5162 65 18
5163 1 67
5164 72 65
5165 25 12
5166 14 83
5167 29 34
5168 54 63
5169 6 37
5170 79 41
5171 27 6
5172 68 14
5173 61 52
5174 92 44
5175 46 84
5176 72 40
5177 53 81
5178 45 53
5179 47 3
5180 22 48
5181 82 55
5182 91 42
5183 15 44
5184 23 96
5185 91 67
5186 73 21
5187 61 66
5188 91 100
5189 35 31
5190 5 70
5191 32 19
5192 68 96
5193 27 10
5194 58 45
5195 18 5
5196 26 89
5197 49 16
5198 50 92
5199 56 77
5200 23 31
5201 10 0
5202 71 66
5203 2 30
5204 57 35
5205 60 93
5206 100 100
5207 68 63
5208 72 82
5209 86 3
5210 62 91
5211 2 2
5212 36 96
5213 20 32
5214 59 35
5215 65 96
5216 32 39
5217 20 52
5218 88 29
5219 62 64
5220 49 56
5221 14 38
5222 10 21
5223 98 12
5224 86 60
5225 66 48
5226 29 97
5227 20 66
5228 49 20
5229 65 53
5230 31 22
5231 35 26
5232 75 24
5233 36 82
5234 89 76
5235 90 1
5236 88 15
5237 48 36
5238 25 26
5239 24 76
5240 53 46
5241 63 85
5242 37 71
5243 90 14
5244 99 32
5245 79 64
5246 71 43
5247 14 85
5248 12 76
5249 6 36
5250 55 43
5251 53 53
5252 66 34
5253 40 49
5254 6 77
5255 74 27
5256 88 15
5257 49 26
5258 93 83
5259 87 64
5260 21 4
5261 77 53
5262 31 12
5263 55 34
5264 30 80
5265 61 79
5266 24 4
5267 56 19
5268 61 7
5269 15 97
5270 10 1
5271 11 84
5272 30 2
5273 13 100
5274 39 33
5275 96 93
5276 34 60
5277 96 81
5278 21 71
5279 67 37
5280 44 100
5281 1 79
5282 77 62
5283 64 13
5284 71 13
5285 68 41
5286 87 49
5287 58 94
5288 50 8
5289 27 8
5290 30 84
5291 84 1
5292 78 30
5293 92 64
5294 55 38
5295 0 23
5296 69 77
5297 3 58
5298 15 6
5299 28 75
5300 21 75
5301 81 93
5302 32 75
5303 22 71
5304 87 78
5305 31 9
5306 38 70
5307 42 55
5308 13 69
5309 70 91
5310 11 24
5311 77 73
5312 49 30
5313 73 100
5314 28 25
5315 88 31
5316 35 58
5317 4 90
5318 81 76
5319 94 52
5320 37 43
5321 80 82
5322 82 84
5323 46 74
5324 70 7
5325 27 54
5326 2 43
5327 25 91
5328 84 20
5329 23 67
5330 83 14
5331 59 81
5332 67 56
5333 77 22
5334 21 40
5335 42 45
5336 68 27
5337 70 12
5338 23 84
5339 71 24
5340 5 41
5341 91 80
5342 53 8
5343 82 69
5344 81 53
5345 67 7
5346 18 98
5347 53 6
5348 9 77
5349 43 71
5350 12 88
5351 18 72
5352 62 42
5353 98 3
5354 29 56
5355 84 98
5356 23 65
5357 86 19
5358 12 38
5359 100 27
5360 67 60
5361 60 72
5362 2 50
5363 74 80
5364 45 85
5365 81 100
5366 11 83
5367 92 38
5368 39 37
5369 83 69
5370 71 16
5371 20 96
5372 52 50
5373 38 59
5374 35 85
5375 84 83
5376 31 90
5377 99 21
5378 34 64
5379 62 96
5380 72 34
5381 2 19
5382 75 44
5383 62 58
5384 82 41
5385 81 17
5386 57 54
5387 30 87
5388 54 22
5389 69 90
5390 58 38
5391 28 15
5392 72 71
5393 32 57
5394 6 64
5395 4 38
5396 10 46
5397 36 20
5398 31 88
5399 3 100
5400 58 39
5401 31 46
5402 15 44
5403 30 33
5404 46 59
5405 28 12
5406 9 62
5407 67 64
5408 95 97
5409 45 11
5410 86 77
5411 9 14
5412 1 67
5413 52 93
5414 28 25
5415 9 69
5416 27 68
5417 90 29
5418 51 80
5419 84 57
5420 1 50
5421 45 78
5422 20 7
5423 96 19
5424 96 55
5425 89 20
5426 64 42
5427 39 91
5428 82 19
5429 38 2
5430 0 38
5431 4 68
5432 45 64
5433 95 90
5434 27 75
5435 0 92
5436 48 15
5437 71 14
5438 44 7
5439 15 44
5440 4 38
5441 79 36
5442 40 29
5443 94 85
5444 69 65
5445 89 28
5446 37 80
5447 84 36
5448 30 56
5449 45 46
5450 75 66
5451 20 83
5452 16 47
5453 84 65
5454 31 1
5455 69 87
5456 75 85
5457 43 6
5458 7 22
5459 26 2
5460 61 66
5461 77 38
5462 90 21
5463 49 86
5464 57 39
5465 23 96
5466 20 35
5467 82 72
5468 2 78
5469 21 52
5470 18 9
5471 59 38
5472 76 27
5473 22 81
5474 33 23
5475 63 86
5476 36 77
5477 32 42
5478 69 38
5479 53 35
5480 49 89
5481 82 68
5482 22 18
5483 69 43
5484 49 50
5485 83 9
5486 16 35
5487 64 70
5488 33 60
5489 25 8
5490 9 61
5491 49 10
5492 95 38
5493 42 25
5494 15 49
5495 64 13
5496 46 11
5497 23 94
5498 39 98
5499 12 45
5500 76 90
5501 4 92
5502 75 12
5503 37 75
5504 27 4
5505 47 98
5506 36 50
5507 10 56
5508 42 33
5509 72 79
5510 26 31
5511 70 45
5512 72 37
5513 70 59
5514 54 4
5515 46 98
5516 78 59
5517 3 86
5518 2 100
5519 37 17
5520 44 83
5521 92 2
5522 24 39
5523 49 9
5524 67 64
5525 79 25
5526 56 65
5527 10 36
5528 26 46
5529 46 11
5530 72 62
5531 15 66
5532 47 32
5533 41 75
5534 96 45
5535 88 1
5536 99 27
5537 67 60
5538 6 12
5539 76 39
5540 88 5
5541 58 35
5542 83 21
5543 35 91
5544 17 12
5545 75 49
5546 58 2
5547 72 14
5548 37 14
5549 75 81
5550 27 22
5551 60 90
5552 18 99
5553 60 77
5554 87 45
5555 25 17
5556 44 6
5557 40 85
5558 57 32
5559 10 98
5560 73 46
5561 96 40
5562 65 96
5563 76 51
5564 65 44
5565 53 58
5566 42 17
5567 94 94
5568 20 76
5569 71 90
5570 56 9
5571 98 25
5572 31 89
5573 48 44
5574 0 49
5575 78 72
5576 0 23
5577 66 6
5578 89 91
5579 14 59
5580 9 73
5581 41 91
5582 99 17
5583 32 40
5584 34 66
5585 99 69
5586 3 61
5587 15 59
5588 32 39
5589 81 48
5590 2 46
5591 98 56
5592 74 76
5593 84 99
5594 45 88
5595 9 66
5596 52 10
5597 41 80
5598 46 15
5599 94 25
5600 29 77
5601 30 14
5602 16 70
5603 45 24
5604 56 63
5605 76 95
5606 2 68
5607 99 20
5608 20 7
5609 3 50
5610 63 53
5611 22 5
5612 44 38
5613 6 15
5614 23 51
5615 74 94
5616 20 49
5617 55 28
5618 48 54
5619 89 48
5620 95 14
5621 77 100
5622 2 28
5623 45 53
5624 76 52
5625 76 29
5626 86 54
5627 35 15
5628 61 67
5629 58 53
5630 82 97
5631 53 14
5632 12 46
5633 59 48
5634 84 87
5635 30 26
5636 87 94
5637 90 63
5638 30 70
5639 29 37
5640 21 10
5641 16 90
5642 2 92
5643 48 26
5644 91 15
5645 48 30
5646 67 9
5647 18 42
5648 1 58
5649 2 8
5650 97 76
5651 32 53
5652 31 73
5653 58 4
5654 89 3
5655 34 17
5656 42 28
5657 13 15
5658 94 89
5659 0 74
5660 31 56
5661 60 86
5662 91 35
5663 23 34
5664 29 79
5665 76 13
5666 70 60
5667 60 8
5668 38 49
5669 97 47
5670 12 93
5671 41 30
5672 95 72
5673 55 27
5674 75 97
5675 69 91
5676 29 78
5677 36 36
5678 80 92
5679 11 73
5680 40 82
5681 44 95
5682 59 46
5683 74 14
5684 95 83
5685 45 84
5686 61 43
5687 2 24
5688 97 32
5689 76 64
5690 51 26
5691 71 69
5692 61 47
5693 6 10
5694 83 33
5695 86 59
5696 12 68
5697 24 25
5698 17 88
5699 98 78
5700 72 38
5701 55 20
5702 89 66
5703 6 58
5704 18 89
5705 40 16
5706 47 47
5707 62 53
5708 67 87
5709 85 0
5710 12 87
5711 17 80
5712 32 46
5713 35 83
5714 41 30
5715 77 86
5716 41 46
5717 14 88
5718 27 37
5719 91 18
5720 95 78
5721 17 40
5722 70 42
5723 39 81
5724 1 40
5725 32 1
5726 62 70
5727 69 75
5728 84 37
5729 98 35
5730 95 9
5731 61 43
5732 19 90
5733 82 24
5734 49 18
5735 38 86
5736 29 73
5737 34 79
5738 56 64
5739 37 92
5740 44 82
5741 18 57
5742 76 0
5743 49 58
5744 100 22
5745 45 40
5746 44 4
5747 49 48
5748 68 61
5749 43 98
5750 27 11
5751 15 31
5752 75 15
5753 2 8
5754 52 40
5755 22 29
5756 46 63
5757 69 30
5758 22 8
5759 98 73
5760 37 75
5761 62 45
5762 73 18
5763 22 17
5764 74 83
5765 49 56
5766 92 60
5767 50 96
5768 80 39
5769 69 33
5770 69 44
5771 42 32
5772 96 39
5773 85 97
5774 54 4
5775 61 76
5776 62 100
5777 3 62
5778 77 81
5779 94 22
5780 13 13
5781 31 28
5782 67 49
5783 2 21
5784 83 95
5785 87 99
5786 47 24
5787 43 68
5788 43 10
5789 43 89
5790 45 63
5791 63 57
5792 70 69
5793 93 40
5794 61 9
5795 1 10
5796 49 33
5797 78 6
5798 7 98
5799 58 46
5800 60 20
5801 82 54
5802 70 70
5803 63 50
5804 38 96
5805 15 30
5806 4 78
5807 10 18
5808 17 48
5809 5 81
5810 21 50
5811 68 63
5812 48 37
5813 18 88
5814 23 63
5815 81 86
5816 7 73
5817 24 2
5818 98 45
5819 96 51
5820 31 32
5821 55 45
5822 80 61
5823 28 88
5824 64 99
5825 39 88
5826 57 24
5827 89 23
5828 1 21
5829 65 35
5830 48 21
5831 55 63
5832 54 66
5833 38 24
5834 38 93
5835 72 81
5836 73 62
5837 72 51
5838 18 6
5839 56 99
5840 19 45
5841 100 0
5842 51 91
5843 22 90
5844 60 24
5845 51 80
5846 84 39
5847 88 9
5848 75 21
5849 68 58
5850 71 54
5851 10 51
5852 10 78
5853 69 95
5854 16 72
5855 49 80
5856 58 89
5857 7 52
5858 70 38
5859 75 72
5860 20 16
5861 86 90
5862 75 94
5863 84 21
5864 54 7
5865 22 97
5866 80 90
5867 57 67
5868 99 49
5869 92 40
5870 3 80
5871 45 37
5872 83 57
5873 61 99
5874 75 61
5875 87 86
5876 77 38
5877 20 3
5878 100 17
5879 86 64
5880 59 72
5881 64 87
5882 97 91
5883 55 20
5884 35 35
5885 78 24
5886 59 2
5887 17 43
5888 58 24
5889 84 6
5890 42 99
5891 58 38
5892 39 86
5893 12 58
5894 61 13
5895 78 58
5896 36 97
5897 69 66
5898 83 97
5899 68 81
5900 53 31
5901 15 34
5902 24 35
5903 7 55
5904 31 51
5905 76 95
5906 15 51
5907 67 47
5908 57 32
5909 5 81
5910 11 95
5911 84 35
5912 47 57
5913 79 32
5914 38 9
5915 7 9
5916 49 66
5917 87 87
5918 37 21
5919 12 36
5920 94 79
5921 74 52
5922 92 16
5923 100 77
5924 0 44
5925 73 74
5926 29 32
5927 16 64
5928 73 29
5929 33 21
5930 63 75
5931 27 35
5932 61 84
5933 70 68
5934 4 56
5935 79 70
5936 58 38
5937 6 51
5938 67 5
5939 34 81
5940 41 30
5941 80 53
5942 36 37
5943 65 11
5944 55 90
5945 89 46
5946 23 88
5947 71 94
5948 20 58
5949 43 17
5950 82 3
5951 8 56
5952 20 52
5953 65 93
5954 20 29
5955 6 97
5956 47 20
5957 93 86
5958 13 79
5959 58 66
5960 37 85
5961 59 95
5962 4 95
5963 56 91
5964 56 83
5965 14 85
5966 65 34
5967 61 11
5968 39 3
5969 48 86
5970 29 60
5971 90 26
5972 69 77
5973 30 10
5974 79 22
5975 48 82
5976 22 54
5977 17 12
5978 100 13
5979 28 87
5980 47 75
5981 4 95
5982 97 72
5983 52 64
5984 29 52
5985 53 25
5986 5 44
5987 44 94
5988 1 44
5989 74 16
5990 39 17
5991 33 81
5992 50 27
5993 35 3
5994 74 74
5995 75 40
5996 37 9
5997 62 29
5998 17 92
5999 64 92
6000 25 43
6001 26 64
6002 79 49
6003 99 51
6004 42 79
6005 3 22
6006 23 96
6007 34 47
6008 30 73
6009 6 34
6010 4 32
6011 84 83
6012 74 45
6013 95 91
6014 64 9
6015 44 31
6016 23 27
6017 95 28
6018 10 50
6019 95 12
6020 60 63
6021 6 89
6022 2 30
6023 25 8
6024 98 62
6025 98 10
6026 25 58
6027 26 3
6028 77 39
6029 9 16
6030 10 42
6031 85 46
6032 3 90
6033 82 77
6034 63 74
6035 77 89
6036 78 43
6037 60 24
6038 46 75
6039 79 90
6040 41 92
6041 14 76
6042 69 30
6043 45 56
6044 68 91
6045 85 35
6046 24 44
6047 97 55
6048 42 4
6049 95 67
6050 41 26
6051 86 58
6052 13 24
6053 80 77
6054 93 77
6055 84 49
6056 58 16
6057 72 56
6058 88 17
6059 4 31
6060 49 1
6061 14 47
6062 21 70
6063 14 81
6064 2 1
6065 2 17
6066 19 23
6067 29 14
6068 73 40
6069 75 26
6070 39 74
6071 45 19
6072 39 52
6073 69 19
6074 97 33
6075 48 60
6076 60 66
6077 17 33
6078 51 18
6079 60 93
6080 82 69
6081 64 95
6082 40 11
6083 66 78
6084 9 41
6085 63 53
6086 88 68
6087 17 67
6088 93 21
6089 80 41
6090 41 46
6091 83 89
6092 73 96
6093 46 96
6094 81 30
6095 68 9
6096 79 37
6097 81 70
6098 5 14
6099 92 79
6100 77 49
6101 28 6
6102 33 64
6103 95 95
6104 36 21
6105 85 100
6106 57 93
6107 81 5
6108 2 65
6109 4 60
6110 9 2
6111 93 79
6112 39 38
6113 43 61
6114 99 13
6115 82 30
6116 61 64
6117 53 49
6118 79 5
6119 76 6
6120 95 80
6121 86 12
6122 12 56
6123 72 35
6124 69 13
6125 98 12
6126 31 44
6127 39 61
6128 69 55
6129 32 90
6130 58 60
6131 87 65
6132 31 0
6133 87 7
6134 38 53
6135 66 10
6136 64 54
6137 30 55
6138 84 84
6139 72 90
6140 58 87
6141 33 65
6142 65 95
6143 26 74
6144 94 18
6145 29 89
6146 12 45
6147 13 35
6148 37 32
6149 19 33
6150 3 58
6151 49 32
6152 74 43
6153 92 90
6154 89 100
6155 83 13
6156 58 16
6157 6 80
6158 82 61
6159 38 14
6160 37 71
6161 2 67
6162 78 71
6163 71 3
6164 88 20
6165 3 36
6166 95 27
6167 11 43
6168 62 54
6169 36 34
6170 64 47
6171 55 53
6172 75 8
6173 35 22
6174 20 67
6175 34 18
6176 68 78
6177 67 51
6178 81 71
6179 79 74
6180 53 84
6181 70 42
6182 5 54
6183 9 40
6184 85 0
6185 26 56
6186 97 80
6187 58 74
6188 16 58
6189 74 32
6190 39 76
6191 25 56
6192 58 33
6193 50 67
6194 37 66
6195 80 31
6196 98 13
6197 57 41
6198 46 56
6199 71 94
6200 34 14
6201 21 39
6202 34 19
6203 11 11
6204 6 60
6205 57 23
6206 84 76
6207 40 70
6208 94 77
6209 33 61
6210 27 21
6211 73 52
6212 97 20
6213 17 35
6214 2 29
6215 47 9
6216 51 97
6217 56 50
6218 5 52
6219 57 87
6220 80 83
6221 38 17
6222 27 47
6223 100 87
6224 24 65
6225 47 17
6226 84 77
6227 17 26
6228 32 22
6229 40 74
6230 67 77
6231 81 39
6232 31 21
6233 15 31
6234 48 58
6235 2 7
6236 29 20
6237 50 30
6238 18 1
6239 28 3
6240 79 61
6241 89 58
6242 43 35
6243 44 98
6244 89 38
6245 12 18
6246 90 89
6247 58 53
6248 77 66
6249 19 48
6250 41 76
6251 24 26
6252 66 24
6253 54 85
6254 88 24
6255 78 46
6256 94 1
6257 25 64
6258 77 63
6259 76 4
6260 17 87
6261 1 36
6262 38 95
6263 91 65
6264 19 77
6265 17 9
6266 90 88
6267 31 27
6268 55 89
6269 83 38
6270 70 26
6271 38 96
6272 59 99
6273 74 94
6274 62 8
6275 93 38
6276 26 14
6277 53 16
6278 61 6
6279 16 28
6280 9 5
6281 31 53
6282 31 15
6283 50 43
6284 78 65
6285 68 42
6286 94 66
6287 89 98
6288 73 81
6289 97 69
6290 84 21
6291 35 75
6292 21 94
6293 46 49
6294 74 37
6295 12 20
6296 65 39
6297 79 41
6298 17 69
6299 31 98
6300 12 87
6301 43 51
6302 80 19
6303 1 29
6304 27 30
6305 26 62
6306 21 72
6307 92 60
6308 22 20
6309 23 78
6310 31 57
6311 42 52
6312 31 90
6313 5 46
6314 99 11
6315 9 43
6316 85 84
6317 87 30
6318 84 76
6319 5 94
6320 100 28
6321 25 54
6322 30 31
6323 1 27
6324 24 71
6325 97 16
6326 69 14
6327 77 6
6328 34 32
6329 97 68
6330 19 26
6331 75 33
6332 21 32
6333 84 61
6334 49 71
6335 61 14
6336 22 10
6337 96 88
6338 44 2
6339 12 75
6340 5 54
6341 76 73
6342 56 25
6343 7 83
6344 37 5
6345 70 91
6346 33 72
6347 67 88
6348 11 31
6349 38 50
6350 11 71
6351 28 78
6352 55 85
6353 93 58
6354 58 10
6355 67 58
6356 66 54
6357 97 64
6358 41 74
6359 55 93
6360 30 88
6361 49 82
6362 1 28
6363 58 15
6364 13 44
6365 44 11
6366 3 85
6367 96 21
6368 98 69
6369 10 54
6370 16 18
6371 21 62
6372 15 67
6373 95 92
6374 2 85
6375 30 21
6376 92 30
6377 57 26
6378 72 34
6379 1 26
6380 27 95
6381 13 88
6382 69 76
6383 6 24
6384 48 12
6385 61 41
6386 60 52
6387 44 93
6388 43 82
6389 52 64
6390 100 58
6391 25 63
6392 72 85
6393 29 60
6394 33 5
6395 25 6
6396 96 75
6397 11 16
6398 90 45
6399 31 21
6400 83 49
6401 15 74
6402 5 33
6403 36 27
6404 52 43
6405 62 21
6406 53 67
6407 34 60
6408 86 52
6409 89 65
6410 57 98
6411 45 70
6412 27 80
6413 24 8
6414 23 86
6415 42 54
6416 47 20
6417 86 76
6418 78 26
6419 8 27
6420 76 72
6421 82 38
6422 58 62
6423 5 13
6424 24 78
6425 86 56
6426 62 56
6427 78 69
6428 0 49
6429 73 17
6430 53 64
6431 50 5
6432 87 24
6433 36 94
6434 18 64
6435 0 26
6436 51 39
6437 60 10
6438 67 56
6439 8 65
6440 54 6
6441 11 22
6442 59 24
6443 57 80
6444 48 83
6445 1 53
6446 18 88
6447 33 5
6448 21 89
6449 79 97
6450 47 32
6451 17 100
6452 60 69
6453 55 29
6454 24 50
6455 79 66
6456 43 67
6457 51 13
6458 26 76
6459 60 75
6460 81 63
6461 61 21
6462 38 42
6463 16 76
6464 6 1
6465 85 89
6466 36 27
6467 97 16
6468 56 72
6469 16 98
6470 25 28
6471 69 70
6472 84 95
6473 47 72
6474 70 36
6475 40 54
6476 100 9
6477 62 34
6478 47 59
6479 78 57
6480 69 30
6481 71 67
6482 57 81
6483 60 68
6484 97 93
6485 46 71
6486 71 63
6487 48 50
6488 72 6
6489 34 58
6490 88 81
6491 93 72
6492 76 75
6493 56 81
6494 48 58
6495 53 61
6496 19 62
6497 30 7
6498 96 90
6499 89 24
6500 34 99
6501 13 58
6502 27 84
6503 42 42
6504 0 21
6505 34 23
6506 97 70
6507 75 62
6508 62 46
6509 12 18
6510 80 17
6511 29 11
6512 11 90
6513 88 95
6514 47 96
6515 18 53
6516 24 54
6517 82 55
6518 64 35
6519 98 29
6520 33 66
6521 71 96
6522 85 72
6523 95 87
6524 0 60
6525 60 58
6526 94 22
6527 69 89
6528 49 95
6529 44 99
6530 74 63
6531 69 99
6532 59 79
6533 66 91
6534 34 44
6535 57 63
6536 88 35
6537 37 31
6538 20 53
6539 39 90
6540 47 98
6541 68 10
6542 43 17
6543 69 55
6544 43 54
6545 1 29
6546 27 34
6547 16 45
6548 77 22
6549 23 63
6550 12 91
6551 77 100
6552 72 54
6553 1 17
6554 36 30
6555 17 63
6556 14 91
6557 30 54
6558 0 73
6559 91 22
6560 47 59
6561 7 93
6562 10 47
6563 32 61
6564 97 20
6565 98 85
6566 5 87
6567 78 78
6568 32 5
6569 24 71
6570 95 54
6571 33 68
6572 99 73
6573 68 19
6574 47 96
6575 33 96
6576 41 55
6577 22 29
6578 29 5
6579 33 57
6580 29 90
6581 10 32
6582 69 36
6583 69 55
6584 32 91
6585 78 86
6586 18 96
6587 44 97
6588 31 40
6589 17 26
6590 14 30
6591 92 24
6592 66 51
6593 82 86
6594 62 2
6595 81 76
6596 93 69
6597 96 1
6598 37 54
6599 80 80
6600 3 10
6601 90 51
6602 48 17
6603 65 77
6604 91 42
6605 87 33
6606 58 83
6607 14 9
6608 0 56
6609 29 8
6610 26 61
6611 67 30
6612 28 47
6613 56 28
6614 39 4
6615 30 79
6616 27 40
6617 55 32
6618 81 15
6619 90 29
6620 86 61
6621 16 22
6622 37 11
6623 40 34
6624 49 95
6625 64 40
6626 16 16
6627 34 78
6628 91 52
6629 20 54
6630 51 38
6631 1 9
6632 56 89
6633 15 18
6634 44 27
6635 27 27
6636 10 28
6637 93 78
6638 28 40
6639 44 42
6640 92 1
6641 84 4
6642 9 25
6643 34 30
6644 99 29
6645 58 30
6646 7 47
6647 90 98
6648 15 14
6649 68 19
6650 73 57
6651 27 48
6652 40 26
6653 17 33
6654 6 6
6655 43 92
6656 27 79
6657 87 73
6658 92 97
6659 46 86
6660 22 83
6661 22 64
6662 83 31
6663 94 29
6664 72 27
6665 84 9
6666 44 19
6667 0 16
6668 40 10
6669 8 15
6670 78 86
6671 64 34
6672 90 67
6673 80 9
6674 38 12
6675 35 99
6676 5 71
6677 86 70
6678 91 81
6679 31 15
6680 2 8
6681 39 37
6682 15 21
6683 95 7
6684 11 23
6685 86 77
6686 24 93
6687 37 70
6688 4 50
6689 45 0
6690 82 55
6691 51 33
6692 38 40
6693 44 34
6694 97 87
6695 8 99
6696 33 77
6697 18 78
6698 69 47
6699 97 88
6700 22 21
6701 99 1
6702 63 8
6703 38 74
6704 32 42
6705 6 82
6706 0 52
6707 68 10
6708 44 57
6709 99 49
6710 63 63
6711 0 11
6712 89 32
6713 53 11
6714 17 70
6715 43 14
6716 84 63
6717 27 3
6718 33 58
6719 66 94
6720 15 92
6721 67 67
6722 33 67
6723 32 58
6724 5 34
6725 25 18
6726 46 49
6727 76 8
6728 31 12
6729 70 70
6730 66 70
6731 6 72
6732 48 14
6733 8 36
6734 68 47
6735 79 66
6736 48 30
6737 24 12
6738 17 64
6739 95 87
6740 15 76
6741 42 24
6742 76 73
6743 5 21
6744 63 29
6745 40 11
6746 79 56
6747 84 69
6748 41 1
6749 28 20
6750 66 12
6751 66 91
6752 29 28
6753 22 44
6754 74 9
6755 71 28
6756 65 97
6757 100 33
6758 13 66
6759 59 83
6760 65 100
6761 35 96
6762 72 3
6763 81 1
6764 23 82
6765 34 69
6766 70 51
6767 55 31
6768 31 59
6769 28 76
6770 76 28
6771 0 18
6772 26 42
6773 20 13
6774 59 61
6775 85 96
6776 8 50
6777 72 22
6778 67 35
6779 72 63
6780 12 33
6781 13 83
6782 9 95
6783 84 91
6784 64 87
6785 47 76
6786 100 74
6787 83 88
6788 45 97
6789 22 88
6790 9 84
6791 23 21
6792 96 59
6793 46 98
6794 98 82
6795 67 53
6796 4 87
6797 84 14
6798 76 55
6799 23 53
6800 5 89
6801 98 8
6802 7 54
6803 95 47
6804 72 91
6805 7 84
6806 51 91
6807 18 70
6808 17 67
6809 55 95
6810 66 49
6811 72 58
6812 46 42
6813 96 61
6814 52 38
6815 68 99
6816 99 2
6817 80 61
6818 85 18
6819 81 95
6820 68 30
6821 61 64
6822 80 0
6823 64 88
6824 44 88
6825 8 21
6826 82 94
6827 53 64
6828 88 17
6829 66 88
6830 41 9
6831 81 76
6832 37 66
6833 68 78
6834 80 84
6835 54 37
6836 13 6
6837 29 58
6838 26 80
6839 40 13
6840 98 34
6841 63 37
6842 76 89
6843 23 39
6844 95 38
6845 85 0
6846 22 75
6847 38 74
6848 83 71
6849 16 11
6850 13 58
6851 65 97
6852 53 42
6853 40 46
6854 41 7
6855 98 35
6856 12 49
6857 46 5
6858 52 11
6859 15 72
6860 41 2
6861 49 15
6862 62 92
6863 9 3
6864 68 80
6865 60 59
6866 16 2
6867 20 79
6868 28 29
6869 52 32
6870 19 24
6871 50 100
6872 33 2
6873 24 69
6874 28 65
6875 10 57
6876 56 78
6877 36 92
6878 98 93
6879 92 42
6880 60 50
6881 10 3
6882 11 59
6883 52 38
6884 91 18
6885 80 3
6886 63 79
6887 61 20
6888 31 35
6889 77 81
6890 44 18
6891 1 3
6892 16 2
6893 44 57
6894 35 19
6895 81 85
6896 65 100
6897 70 68
6898 77 5
6899 30 32
6900 12 3
6901 65 43
6902 55 32
6903 78 34
6904 71 53
6905 16 39
6906 45 45
6907 40 50
6908 17 1
6909 72 12
6910 42 77
6911 27 51
6912 25 22
6913 20 94
6914 38 72
6915 33 90
6916 10 21
6917 5 35
6918 20 14
6919 13 26
6920 52 16
6921 39 78
6922 22 39
6923 75 6
6924 55 13
6925 29 96
6926 88 66
6927 90 26
6928 42 12
6929 79 14
6930 63 47
6931 45 15
6932 52 87
6933 30 1
6934 78 15
6935 10 23
6936 41 86
6937 15 52
6938 92 29
6939 36 58
6940 24 10
6941 8 68
6942 45 30
6943 66 29
6944 68 98
6945 99 32
6946 41 19
6947 98 81
6948 42 45
6949 11 7
6950 44 60
6951 87 55
6952 34 53
6953 12 76
6954 90 20
6955 19 18
6956 84 19
6957 50 32
6958 86 79
6959 84 90
6960 30 34
6961 4 59
6962 14 84
6963 5 17
6964 26 92
6965 10 16
6966 83 27
6967 34 39
6968 88 42
6969 53 22
6970 73 35
6971 63 54
6972 22 89
6973 41 43
6974 24 99
6975 46 94
6976 95 100
6977 15 82
6978 79 91
6979 100 59
6980 20 63
6981 48 72
6982 30 57
6983 0 27
6984 49 60
6985 85 55
6986 15 78
6987 50 3
6988 12 69
6989 77 50
6990 69 90
6991 70 42
6992 65 19
6993 96 35
6994 17 49
6995 9 97
6996 80 54
6997 37 66
6998 73 44
6999 12 3
7000 91 99
7001 18 69
7002 6 2
7003 47 47
7004 58 71
7005 48 38
7006 12 48
7007 86 5
7008 99 82
7009 65 28
7010 59 4
7011 68 55
7012 61 98
7013 67 22
7014 52 92
7015 2 72
7016 95 97
7017 75 11
7018 52 21
7019 53 14
7020 61 57
7021 64 96
7022 49 45
7023 41 95
7024 37 83
7025 7 28
7026 84 7
7027 84 18
7028 7 47
7029 3 5
7030 16 86
7031 85 32
7032 23 98
7033 34 71
7034 32 75
7035 84 79
7036 71 76
7037 13 57
7038 9 91
7039 83 60
7040 87 14
7041 10 17
7042 74 15
7043 87 31
7044 37 50
7045 67 62
7046 8 33
7047 78 44
7048 59 80
7049 20 3
7050 95 17
7051 9 28
7052 67 53
7053 67 59
7054 25 55
7055 78 100
7056 24 39
7057 32 23
7058 51 69
7059 52 83
7060 70 13
7061 13 92
7062 70 10
7063 80 68
7064 81 7
7065 89 59
7066 72 13
7067 8 75
7068 80 60
7069 85 28
7070 49 92
7071 38 65
7072 57 8
7073 32 23
7074 43 98
7075 59 22
7076 61 37
7077 63 41
7078 76 83
7079 36 26
7080 51 24
7081 10 20
7082 60 4
7083 29 32
7084 42 2
7085 26 72
7086 44 17
7087 15 63
7088 21 95
7089 69 2
7090 72 0
7091 72 40
7092 83 14
7093 35 97
7094 90 97
7095 4 72
7096 92 62
7097 98 75
7098 45 80
7099 66 61
7100 85 5
7101 12 77
7102 97 99
7103 100 99
7104 12 19
7105 81 32
7106 56 97
7107 82 100
7108 78 36
7109 16 82
7110 5 26
7111 53 9
7112 34 10
7113 58 94
7114 70 3
7115 32 48
7116 8 30
7117 21 60
7118 19 50
7119 11 54
7120 42 41
7121 41 59
7122 28 8
7123 47 93
7124 48 30
7125 33 51
7126 41 47
7127 17 69
7128 83 91
7129 33 55
7130 97 58
7131 36 82
7132 13 56
7133 30 53
7134 91 22
7135 95 78
7136 43 78
7137 29 74
7138 65 14
7139 36 0
7140 35 18
7141 99 66
7142 48 54
7143 84 10
7144 62 99
7145 84 95
7146 33 21
7147 3 75
7148 4 37
7149 89 70
7150 26 79
7151 55 48
7152 16 15
7153 54 27
7154 32 72
7155 100 7
7156 22 91
7157 10 26
7158 14 80
7159 92 8
7160 78 70
7161 80 69
7162 55 11
7163 88 25
7164 16 36
7165 18 91
7166 81 82
7167 12 91
7168 75 3
7169 38 56
7170 6 35
7171 83 45
7172 96 90
7173 48 13
7174 60 62
7175 37 74
7176 78 21
7177 92 68
7178 4 37
7179 91 64
7180 42 72
7181 60 78
7182 18 6
7183 8 18
7184 10 99
7185 78 28
7186 83 96
7187 11 56
7188 20 87
7189 99 94
7190 25 87
7191 37 3
7192 95 21
7193 93 88
7194 40 60
7195 93 44
7196 69 17
7197 97 88
7198 49 54
7199 43 28
7200 86 88
7201 6 36
7202 4 98
7203 68 60
7204 22 95
7205 28 71
7206 3 1
7207 57 63
7208 78 74
7209 21 90
7210 3 15
7211 69 28
7212 2 94
7213 7 90
7214 53 90
7215 26 56
7216 67 19
7217 76 84
7218 70 15
7219 91 75
7220 99 45
7221 78 32
7222 89 51
7223 34 74
7224 56 10
7225 42 42
7226 8 37
7227 26 35
7228 85 4
7229 87 72
7230 18 100
7231 91 24
7232 37 32
7233 44 41
7234 30 56
7235 45 7
7236 43 15
7237 15 50
7238 13 14
7239 11 38
7240 85 52
7241 15 13
7242 70 28
7243 24 52
7244 99 20
7245 92 18
7246 88 60
7247 79 48
7248 41 10
7249 69 47
7250 83 2
7251 23 27
7252 57 37
7253 61 6
7254 45 87
7255 59 18
7256 25 48
7257 10 80
7258 86 7
7259 42 5
7260 45 79
7261 22 8
7262 7 70
7263 67 51
7264 15 27
7265 66 50
7266 65 58
7267 79 96
7268 19 36
7269 87 9
7270 38 52
7271 28 74
7272 47 91
7273 85 98
7274 80 37
7275 36 66
7276 7 26
7277 5 73
7278 24 31
7279 46 1
7280 1 48
7281 4 36
7282 17 77
7283 74 22
7284 85 2
7285 93 100
7286 49 67
7287 82 44
7288 71 93
7289 8 77
7290 76 69
7291 47 76
7292 91 20
7293 83 0
7294 73 4
7295 33 86
7296 3 87
7297 30 17
7298 80 95
7299 52 22
7300 61 38
7301 10 63
7302 12 26
7303 1 26
7304 3 41
7305 97 31
7306 75 56
7307 80 53
7308 28 81
7309 88 67
7310 15 58
7311 74 90
7312 34 17
7313 18 2
7314 66 20
7315 41 84
7316 23 27
7317 88 35
7318 11 88
7319 17 76
7320 27 35
7321 3 26
7322 62 33
7323 69 14
7324 79 48
7325 95 92
7326 54 56
7327 18 90
7328 81 14
7329 33 4
7330 43 24
7331 31 90
7332 95 24
7333 70 33
7334 69 63
7335 73 93
7336 31 46
7337 15 16
7338 18 8
7339 89 62
7340 83 93
7341 1 25
7342 3 22
7343 81 40
7344 49 50
7345 43 70
7346 82 79
7347 67 44
7348 81 62
7349 20 38
7350 42 28
7351 96 21
7352 74 31
7353 84 97
7354 41 84
7355 74 46
7356 59 19
7357 81 56
7358 31 21
7359 49 67
7360 70 57
7361 56 93
7362 71 15
7363 31 62
7364 77 73
7365 31 74
7366 63 73
7367 39 34
7368 43 62
7369 33 84
7370 82 41
7371 58 95
7372 17 84
7373 53 30
7374 51 93
7375 75 0
7376 98 94
7377 28 56
7378 92 45
7379 88 55
7380 34 19
7381 51 98
7382 22 7
7383 39 60
7384 49 73
7385 4 93
7386 42 60
7387 63 75
7388 36 26
7389 59 66
7390 58 35
7391 46 8
7392 64 17
7393 91 90
7394 24 77
7395 88 26
7396 77 52
7397 84 80
7398 56 37
7399 5 44
7400 71 89
7401 0 91
7402 34 75
7403 82 38
7404 98 42
7405 32 25
7406 83 51
7407 0 31
7408 91 3
7409 39 45
7410 52 41
7411 68 25
7412 47 53
7413 10 12
7414 0 71
7415 84 5
7416 37 69
7417 26 75
7418 16 20
7419 4 42
7420 19 14
7421 33 14
7422 77 52
7423 39 43
7424 54 16
7425 24 26
7426 8 26
7427 29 42
7428 73 74
7429 45 0
7430 84 27
7431 51 81
7432 97 59
7433 12 38
7434 43 20
7435 56 33
7436 92 96
7437 94 87
7438 53 24
7439 82 54
7440 45 59
7441 13 38
7442 16 35
7443 97 65
7444 66 99
7445 58 73
7446 21 19
7447 80 19
7448 39 88
7449 5 83
7450 61 26
7451 74 70
7452 5 42
7453 67 89
7454 0 38
7455 44 7
7456 7 39
7457 82 67
7458 66 40
7459 39 78
7460 74 37
7461 61 57
7462 49 22
7463 12 29
7464 32 15
7465 79 27
7466 34 60
7467 41 86
7468 1 31
7469 98 56
7470 22 43
7471 13 44
7472 34 46
7473 48 78
7474 41 98
7475 60 21
7476 15 1
7477 50 65
7478 21 96
7479 10 32
7480 44 42
7481 83 46
7482 62 83
7483 99 46
7484 3 2
7485 60 15
7486 9 25
7487 57 41
7488 59 21
7489 0 63
7490 55 53
7491 60 69
7492 26 5
7493 77 53
7494 23 85
7495 18 98
7496 71 37
7497 48 14
7498 46 10
7499 90 84
7500 46 17
7501 33 13
7502 39 28
7503 76 10
7504 77 71
7505 8 57
7506 61 12
7507 62 91
7508 4 12
7509 43 47
7510 60 16
7511 42 56
7512 86 46
7513 74 45
7514 25 20
7515 10 30
7516 0 19
7517 24 28
7518 23 81
7519 91 0
7520 53 37
7521 71 96
7522 81 65
7523 89 22
7524 73 69
7525 19 84
7526 12 56
7527 78 62
7528 99 64
7529 57 38
7530 29 67
7531 94 20
7532 67 62
7533 62 17
7534 64 81
7535 53 26
7536 69 65
7537 61 37
7538 15 100
7539 39 93
7540 39 100
7541 64 79
7542 36 72
7543 70 63
7544 100 47
7545 29 1
7546 100 82
7547 86 22
7548 56 29
7549 65 11
7550 3 10
7551 96 48
7552 63 6
7553 5 24
7554 1 22
7555 5 0
7556 48 2
7557 67 76
7558 89 77
7559 31 30
7560 81 22
7561 28 95
7562 57 8
7563 73 38
7564 32 75
7565 71 85
7566 21 74
7567 79 88
7568 69 43
7569 81 1
7570 37 6
7571 61 69
7572 77 43
7573 16 4
7574 74 76
7575 32 66
7576 10 32
7577 19 64
7578 33 29
7579 66 8
7580 6 86
7581 34 22
7582 25 54
7583 15 54
7584 72 4
7585 59 14
7586 61 58
7587 4 88
7588 25 68
7589 67 36
7590 60 54
7591 4 65
7592 53 10
7593 85 43
7594 52 94
7595 51 11
7596 55 74
7597 12 28
7598 86 69
7599 0 31
7600 34 37
7601 16 18
7602 25 54
7603 59 3
7604 79 48
7605 78 47
7606 70 74
7607 44 74
7608 51 58
7609 71 84
7610 84 10
7611 3 98
7612 88 5
7613 79 15
7614 48 97
7615 87 5
7616 29 74
7617 50 22
7618 27 43
7619 89 29
7620 4 57
7621 90 88
7622 33 59
7623 49 84
7624 73 73
7625 71 46
7626 81 40
7627 42 57
7628 69 22
7629 32 87
7630 9 66
7631 22 70
7632 22 91
7633 20 50
7634 70 36
7635 89 70
7636 47 37
7637 35 80
7638 38 57
7639 55 51
7640 13 28
7641 42 67
7642 49 6
7643 99 60
7644 4 76
7645 9 49
7646 99 77
7647 78 32
7648 81 34
7649 100 17
7650 69 81
7651 51 18
7652 78 49
7653 30 56
7654 87 33
7655 44 77
7656 91 48
7657 38 50
7658 59 33
7659 44 93
7660 2 75
7661 35 50
7662 54 43
7663 36 24
7664 79 23
7665 42 16
7666 79 49
7667 43 97
7668 35 74
7669 65 56
7670 11 82
7671 69 95
7672 20 34
7673 40 95
7674 1 75
7675 67 46
7676 58 10
7677 67 99
7678 80 90
7679 54 100
7680 91 31
7681 50 46
7682 75 2
7683 96 28
7684 80 43
7685 12 37
7686 85 81
7687 66 49
7688 93 31
7689 70 72
7690 16 50
7691 49 63
7692 96 4
7693 63 72
7694 79 70
7695 34 27
7696 79 63
7697 55 45
7698 88 5
7699 83 67
7700 22 100
7701 26 5
7702 35 91
7703 34 68
7704 76 79
7705 21 37
7706 89 67
7707 84 52
7708 39 98
7709 88 40
7710 65 25
7711 72 15
7712 89 12
7713 15 56
7714 55 72
7715 43 69
7716 13 61
7717 33 96
7718 12 15
7719 72 98
7720 51 91
7721 10 7
7722 45 60
7723 96 46
7724 26 18
7725 91 35
7726 72 72
7727 96 33
7728 98 83
7729 15 90
7730 33 21
7731 35 10
7732 66 84
7733 100 57
7734 37 88
7735 63 26
7736 75 95
7737 84 43
7738 85 43
7739 32 37
7740 50 53
7741 78 17
7742 0 100
7743 26 65
7744 12 41
7745 45 22
7746 95 17
7747 35 54
7748 18 1
7749 67 86
7750 42 61
7751 31 99
7752 77 74
7753 44 94
7754 30 49
7755 86 97
7756 50 9
7757 5 78
7758 34 47
7759 97 76
7760 28 85
7761 47 44
7762 66 15
7763 90 29
7764 42 33
7765 52 33
7766 29 56
7767 22 52
7768 48 54
7769 2 1
7770 4 8
7771 99 99
7772 88 17
7773 93 40
7774 17 99
7775 48 69
7776 79 45
7777 97 98
7778 62 25
7779 90 57
7780 17 17
7781 61 35
7782 98 15
7783 45 95
7784 89 23
7785 22 49
7786 92 91
7787 5 89
7788 61 85
7789 74 2
7790 34 16
7791 9 60
7792 26 0
7793 15 79
7794 64 60
7795 98 3
7796 3 5
7797 4 22
7798 37 30
7799 92 95
7800 69 13
7801 96 8
7802 13 12
7803 36 69
7804 43 43
7805 86 38
7806 63 16
7807 85 80
7808 25 19
7809 0 87
7810 58 2
7811 48 30
7812 25 0
7813 35 23
7814 56 4
7815 79 64
7816 82 23
7817 80 16
7818 89 85
7819 63 32
7820 5 5
7821 36 28
7822 57 74
7823 70 44
7824 2 8
7825 64 98
7826 22 1
7827 27 72
7828 50 87
7829 52 87
7830 71 6
7831 33 87
7832 0 46
7833 88 63
7834 31 84
7835 30 81
7836 33 98
7837 49 66
7838 31 55
7839 36 74
7840 65 64
7841 17 24
7842 3 73
7843 35 99
7844 95 6
7845 93 40
7846 54 58
7847 40 5
7848 72 32
7849 0 93
7850 26 45
7851 15 7
7852 18 52
7853 71 58
7854 42 17
7855 34 68
7856 16 96
7857 79 100
7858 55 66
7859 88 20
7860 73 15
7861 26 67
7862 47 55
7863 90 87
7864 3 78
7865 47 71
7866 84 62
7867 47 63
7868 26 97
7869 95 44
7870 68 43
7871 87 58
7872 47 42
7873 11 26
7874 40 5
7875 83 41
7876 20 5
7877 18 34
7878 41 24
7879 67 33
7880 57 10
7881 10 45
7882 74 68
7883 13 40
7884 5 20
7885 51 90
7886 81 3
7887 34 57
7888 33 11
7889 9 28
7890 17 72
7891 98 15
7892 42 54
7893 87 42
7894 25 57
7895 1 22
7896 73 18
7897 80 78
7898 31 47
7899 52 92
7900 12 65
7901 71 54
7902 30 35
7903 72 68
7904 2 54
7905 64 51
7906 18 51
7907 15 2
7908 16 23
7909 75 37
7910 68 95
7911 59 32
7912 21 51
7913 92 6
7914 50 38
7915 19 43
7916 62 8
7917 73 20
7918 74 38
7919 85 86
7920 36 25
7921 70 19
7922 73 43
7923 26 98
7924 62 82
7925 58 61
7926 3 49
7927 47 73
7928 57 44
7929 31 87
7930 31 67
7931 49 95
7932 56 36
7933 17 32
7934 79 39
7935 19 4
7936 67 38
7937 0 72
7938 40 17
7939 21 77
7940 21 100
7941 17 97
7942 18 67
7943 37 25
7944 98 64
7945 38 8
7946 3 40
7947 93 6
7948 43 22
7949 95 81
7950 54 43
7951 93 82
7952 85 97
7953 26 65
7954 14 96
7955 40 12
7956 21 71
7957 44 43
7958 52 81
7959 49 96
7960 71 100
7961 70 47
7962 40 39
7963 28 90
7964 49 49
7965 4 7
7966 93 71
7967 56 6
7968 25 44
7969 85 96
7970 29 23
7971 79 92
7972 28 23
7973 39 26
7974 2 21
7975 19 70
7976 10 53
7977 52 5
7978 81 94
7979 77 36
7980 57 53
7981 1 52
7982 97 32
7983 94 88
7984 65 37
7985 38 31
7986 42 56
7987 94 58
7988 21 31
7989 87 21
7990 79 7
7991 16 10
7992 56 69
7993 99 24
7994 72 63
7995 16 66
7996 76 6
7997 50 36
7998 32 2
7999 26 89
8000 70 96
8001 70 46
8002 56 12
8003 52 81
8004 67 5
8005 74 17
8006 22 80
8007 46 0
8008 49 57
8009 66 66
8010 0 89
8011 52 88
8012 96 25
8013 45 67
8014 79 20
8015 83 52
8016 69 99
8017 100 77
8018 86 5
8019 73 48
8020 87 75
8021 53 62
8022 80 36
8023 96 98
8024 33 43
8025 0 66
8026 50 19
8027 29 5
8028 45 91
8029 94 80
8030 92 75
8031 0 95
8032 44 98
8033 21 90
8034 34 96
8035 71 88
8036 45 43
8037 69 25
8038 89 55
8039 77 13
8040 45 13
8041 20 61
8042 41 24
8043 40 91
8044 98 63
8045 77 82
8046 97 4
8047 17 85
8048 29 81
8049 94 66
8050 32 21
8051 53 65
8052 29 98
8053 52 29
8054 87 73
8055 99 39
8056 47 4
8057 25 23
8058 92 90
8059 35 86
8060 77 75
8061 26 76
8062 52 28
8063 18 39
8064 9 97
8065 71 48
8066 46 1
8067 65 5
8068 64 34
8069 62 96
8070 74 94
8071 77 37
8072 68 66
8073 89 53
8074 65 95
8075 80 1
8076 62 12
8077 73 66
8078 59 46
8079 94 25
8080 75 25
8081 43 5
8082 33 57
8083 51 6
8084 98 23
8085 30 21
8086 66 96
8087 58 43
8088 7 15
8089 19 55
8090 92 66
8091 50 73
8092 5 81
8093 22 87
8094 72 27
8095 43 97
8096 63 56
8097 70 96
8098 57 9
8099 38 18
8100 24 67
8101 98 42
8102 21 0
8103 68 92
8104 14 64
8105 44 14
8106 17 93
8107 100 90
8108 40 36
8109 2 86
8110 65 43
8111 21 53
8112 21 83
8113 62 97
8114 65 86
8115 29 9
8116 18 51
8117 71 77
8118 82 93
8119 76 10
8120 93 38
8121 42 0
8122 27 32
8123 25 87
8124 28 29
8125 24 77
8126 52 73
8127 99 64
8128 61 77
8129 26 77
8130 18 48
8131 98 11
8132 89 15
8133 10 15
8134 48 94
8135 74 22
8136 98 52
8137 11 73
8138 42 53
8139 27 91
8140 0 18
8141 43 29
8142 61 37
8143 69 100
8144 34 45
8145 86 33
8146 63 48
8147 42 48
8148 82 46
8149 23 18
8150 98 4
8151 36 61
8152 86 31
8153 35 37
8154 78 26
8155 78 74
8156 33 84
8157 13 53
8158 92 51
8159 47 89
8160 95 31
8161 74 20
8162 67 85
8163 53 81
8164 8 92
8165 48 92
8166 69 62
8167 49 17
8168 50 13
8169 49 23
8170 69 5
8171 60 9
8172 26 43
8173 37 94
8174 17 60
8175 99 45
8176 46 50
8177 32 96
8178 95 86
8179 14 14
8180 25 74
8181 8 4
8182 1 85
8183 42 44
8184 88 81
8185 79 13
8186 18 2
8187 9 70
8188 83 51
8189 99 28
8190 57 62
8191 60 46
8192 11 44
8193 92 63
8194 57 34
8195 33 26
8196 62 61
8197 97 29
8198 56 16
8199 67 88
8200 35 76
8201 42 22
8202 77 44
8203 0 3
8204 11 47
8205 87 66
8206 19 98
8207 26 93
8208 38 32
8209 67 91
8210 11 6
8211 94 92
8212 24 66
8213 4 5
8214 76 60
8215 15 24
8216 69 48
8217 51 10
8218 39 28
8219 82 78
8220 49 22
8221 78 22
8222 13 9
8223 54 58
8224 54 18
8225 70 43
8226 22 90
8227 42 45
8228 4 61
8229 49 5
8230 18 32
8231 38 39
8232 31 24
8233 33 69
8234 23 68
8235 36 43
8236 86 2
8237 61 14
8238 31 76
8239 53 52
8240 80 42
8241 14 51
8242 71 22
8243 90 95
8244 20 77
8245 69 50
8246 16 38
8247 97 68
8248 67 13
8249 37 18
8250 20 40
8251 42 54
8252 69 74
8253 89 1
8254 58 57
8255 44 41
8256 31 80
8257 21 71
8258 8 100
8259 49 82
8260 65 35
8261 35 64
8262 92 72
8263 95 21
8264 2 22
8265 94 3
8266 63 3
8267 32 44
8268 60 87
8269 7 30
8270 22 80
8271 43 17
8272 43 46
8273 77 88
8274 8 86
8275 86 89
8276 96 32
8277 55 49
8278 100 84
8279 3 1
8280 9 48
8281 23 75
8282 44 93
8283 68 85
8284 73 17
8285 41 27
8286 42 4
8287 69 41
8288 92 91
8289 58 62
8290 48 72
8291 78 71
8292 97 18
8293 50 16
8294 54 62
8295 8 5
8296 100 6
8297 91 66
8298 9 83
8299 27 71
8300 43 2
8301 60 91
8302 100 92
8303 93 80
8304 56 33
8305 79 89
8306 34 94
8307 52 23
8308 3 17
8309 87 78
8310 66 86
8311 18 65
8312 82 38
8313 51 43
8314 83 81
8315 15 59
8316 25 67
8317 96 67
8318 39 35
8319 72 83
8320 2 30
8321 16 3
8322 9 17
8323 75 61
8324 28 44
8325 11 56
8326 62 63
8327 15 56
8328 17 82
8329 78 4
8330 58 48
8331 38 35
8332 100 9
8333 69 13
8334 31 64
8335 0 99
8336 36 92
8337 24 81
8338 90 98
8339 40 73
8340 38 93
8341 37 84
8342 84 83
8343 47 18
8344 47 70
8345 21 77
8346 48 72
8347 80 42
8348 39 79
8349 52 12
8350 67 39
8351 58 24
8352 3 46
8353 66 51
8354 34 25
8355 71 96
8356 97 3
8357 50 29
8358 100 42
8359 26 15
8360 21 56
8361 19 97
8362 47 17
8363 18 86
8364 62 27
8365 86 65
8366 55 10
8367 75 79
8368 20 47
8369 0 60
8370 79 3
8371 93 61
8372 87 60
8373 92 12
8374 72 74
8375 40 47
8376 93 54
8377 37 21
8378 27 76
8379 70 95
8380 43 34
8381 30 32
8382 69 69
8383 51 44
8384 95 97
8385 9 54
8386 98 73
8387 31 20
8388 42 40
8389 6 74
8390 33 26
8391 14 88
8392 65 40
8393 48 69
8394 99 91
8395 17 53
8396 57 86
8397 2 73
8398 9 32
8399 25 79
8400 16 38
8401 96 37
8402 79 62
8403 77 26
8404 13 78
8405 12 91
8406 96 18
8407 89 95
8408 85 55
8409 68 18
8410 64 47
8411 57 33
8412 58 5
8413 75 50
8414 99 20
8415 90 22
8416 33 92
8417 71 58
8418 21 11
8419 4 78
8420 16 17
8421 70 37
8422 68 34
8423 29 57
8424 46 4
8425 23 51
8426 33 74
8427 67 95
8428 37 32
8429 85 62
8430 4 82
8431 95 2
8432 38 12
8433 69 55
8434 61 48
8435 6 49
8436 0 99
8437 33 43
8438 15 24
8439 11 78
8440 20 28
8441 93 55
8442 15 16
8443 61 7
8444 11 25
8445 14 55
8446 84 26
8447 44 99
8448 22 5
8449 59 86
8450 78 1
8451 31 43
8452 53 38
8453 87 48
8454 2 47
8455 61 52
8456 61 26
8457 30 22
8458 26 48
8459 52 24
8460 3 9
8461 31 1
8462 15 59
8463 18 42
8464 24 8
8465 47 74
8466 92 64
8467 10 87
8468 82 67
8469 51 5
8470 41 47
8471 42 43
8472 70 65
8473 7 15
8474 42 30
8475 10 89
8476 97 62
8477 50 23
8478 37 66
8479 61 12
8480 13 22
8481 60 43
8482 61 90
8483 68 28
8484 9 74
8485 67 33
8486 88 90
8487 62 85
8488 6 66
8489 81 25
8490 61 44
8491 87 35
8492 66 18
8493 6 85
8494 70 9
8495 10 55
8496 26 86
8497 27 21
8498 94 12
8499 6 3
8500 50 2
8501 61 14
8502 21 50
8503 11 100
8504 88 86
8505 87 44
8506 69 37
8507 12 25
8508 50 100
8509 19 29
8510 61 81
8511 58 89
8512 77 29
8513 28 86
8514 44 95
8515 42 53
8516 27 24
8517 24 95
8518 48 25
8519 66 91
8520 4 71
8521 24 23
8522 27 79
8523 63 0
8524 20 61
8525 81 32
8526 92 83
8527 86 60
8528 64 66
8529 83 63
8530 7 30
8531 88 23
8532 90 35
8533 22 65
8534 53 55
8535 97 29
8536 27 82
8537 73 54
8538 81 65
8539 88 15
8540 7 26
8541 42 6
8542 75 23
8543 2 56
8544 82 58
8545 67 42
8546 60 68
8547 82 75
8548 50 49
8549 77 10
8550 69 73
8551 8 30
8552 58 33
8553 69 60
8554 62 68
8555 5 34
8556 78 70
8557 70 37
8558 72 12
8559 33 45
8560 99 43
8561 26 48
8562 24 39
8563 100 7
8564 0 17
8565 16 62
8566 5 55
8567 66 69
8568 54 31
8569 14 12
8570 61 38
8571 57 21
8572 28 52
8573 59 92
8574 47 55
8575 99 34
8576 29 29
8577 88 68
8578 42 39
8579 90 86
8580 46 81
8581 29 0
8582 1 45
8583 86 13
8584 25 23
8585 12 57
8586 56 70
8587 66 83
8588 41 49
8589 36 69
8590 28 89
8591 36 28
8592 5 0
8593 48 75
8594 37 89
8595 14 15
8596 61 77
8597 53 77
8598 94 6
8599 47 67
8600 94 41
8601 75 86
8602 51 31
8603 39 36
8604 83 9
8605 36 44
8606 82 77
8607 5 72
8608 25 93
8609 6 57
8610 68 59
8611 15 64
8612 88 57
8613 91 15
8614 14 79
8615 39 79
8616 47 13
8617 6 58
8618 93 60
8619 54 76
8620 29 73
8621 13 17
8622 87 34
8623 24 4
8624 42 50
8625 48 20
8626 77 75
8627 92 86
8628 16 33
8629 33 8
8630 72 80
8631 11 87
8632 24 45
8633 32 34
8634 50 63
8635 31 93
8636 92 41
8637 3 17
8638 25 30
8639 56 52
8640 96 15
8641 44 3
8642 12 55
8643 13 94
8644 45 3
8645 10 23
8646 68 76
8647 30 68
8648 17 38
8649 2 69
8650 79 44
8651 86 65
8652 21 45
8653 13 70
8654 46 60
8655 12 97
8656 8 64
8657 39 62
8658 33 71
8659 84 65
8660 71 21
8661 48 28
8662 99 55
8663 41 36
8664 76 40
8665 49 34
8666 8 54
8667 33 10
8668 9 3
8669 8 23
8670 70 68
8671 57 87
8672 78 0
8673 23 99
8674 90 26
8675 43 46
8676 76 35
8677 28 56
8678 9 41
8679 36 54
8680 34 86
8681 56 26
8682 8 41
8683 64 32
8684 80 91
8685 33 74
8686 53 34
8687 30 90
8688 20 93
8689 100 21
8690 90 1
8691 3 72
8692 99 68
8693 13 93
8694 8 28
8695 15 34
8696 72 0
8697 67 98
8698 82 4
8699 24 90
8700 70 2