1 59 6
2 29 90
3 55 45
4 26 54
5 54 20
6 87 34
7 92 78
8 13 86
9 94 89
10 64 80
11 6 13
12 5 78
13 3 32
14 45 50
15 46 4
16 63 6
17 83 52
18 26 12
19 82 15
20 63 92
21 80 37
22 32 40
23 80 43
24 6 82
25 43 8
26 24 32
27 34 98
28 98 44
29 98 57
30 37 26
31 23 15
32 5 57
33 63 92
34 93 12
35 74 17
36 69 57
37 45 4
38 100 12
39 35 57
40 78 29
41 30 75
42 17 90
43 0 73
44 67 85
45 34 66
46 49 44
47 55 97
48 97 92
49 30 6
50 26 93
51 30 70
52 1 70
53 18 28
54 31 16
55 53 28
56 50 85
57 29 0
58 32 3
59 4 55
60 19 45
61 15 50
62 14 83
63 90 5
64 96 76
65 34 65
66 43 70
67 4 71
68 32 56
69 39 95
70 29 36
71 93 51
72 73 59
73 1 29
74 100 65
75 61 40
76 53 29
77 98 22
78 88 30
79 43 45
80 25 81
81 19 58
82 11 41
83 39 67
84 53 52
85 70 54
86 57 33
87 74 10
88 56 16
89 96 26
90 14 72
91 18 56
92 74 89
93 52 92
94 45 91
95 24 17
96 21 15
97 36 6
98 87 46
99 74 67
100 71 30
101 51 10
102 27 26
103 40 21
104 47 11
105 54 33
106 89 91
107 67 94
108 37 48
109 9 60
110 96 26
111 2 36
112 78 44
113 5 63
114 16 28
115 28 41
116 62 46
117 90 74
118 86 30
119 57 77
120 46 6
121 11 47
122 38 49
123 71 4
124 21 27
125 91 89
126 44 97
127 98 89
128 72 4
129 86 67
130 62 83
131 52 83
132 70 81
133 53 50
134 66 48
135 56 61
136 69 10
137 81 4
138 41 74
139 50 65
140 93 60
141 26 8
142 89 60
143 33 31
144 75 33
145 68 12
146 84 83
147 52 76
148 100 28
149 60 57
150 55 4
151 76 68
152 79 30
153 33 57
154 22 60
155 27 0
156 92 19
157 2 35
158 94 79
159 90 58
160 99 86
161 60 16
162 1 0
163 97 80
164 92 71
165 92 65
166 0 5
167 80 34
168 10 92
169 29 45
170 70 33
171 23 81
172 6 40
173 89 10
174 69 63
175 56 64
176 60 99
177 61 92
178 46 38
179 87 59
180 99 37
181 39 56
182 92 14
183 96 11
184 10 64
185 96 55
186 15 39
187 82 28
188 73 27
189 79 88
190 78 43
191 69 4
192 76 89
193 81 65
194 32 78
195 54 31
196 37 32
197 49 51
198 17 33
199 34 51
200 96 54
201 26 81
202 94 95
203 36 50
204 9 65
205 10 45
206 8 95
207 70 73
208 79 7
209 28 39
210 56 59
211 62 96
212 1 36
213 83 100
214 3 78
215 93 36
216 64 12
217 28 53
218 39 43
219 31 83
220 58 57
221 1 48
222 89 16
223 11 95
224 0 29
225 7 68
226 94 38
227 94 21
228 69 23
229 14 43
230 42 71
231 13 74
232 100 35
233 33 77
234 57 100
235 75 77
236 65 10
237 68 93
238 100 73
239 74 76
240 6 53
241 94 58
242 11 45
243 98 30
244 40 94
245 63 96
246 21 56
247 94 43
248 82 88
249 22 72
250 57 3
251 9 66
252 99 42
253 32 55
254 2 1
255 38 89
256 70 86
257 34 3
258 64 53
259 8 65
260 7 17
261 92 18
262 31 67
263 60 87
264 72 3
265 79 0
266 68 66
267 65 24
268 13 13
269 98 69
270 97 29
271 47 58
272 31 23
273 99 60
274 88 8
275 12 31
276 46 81
277 6 85
278 94 30
279 94 43
280 5 81
281 66 24
282 43 78
283 15 85
284 21 54
285 33 32
286 47 45
287 37 85
288 68 22
289 3 31
290 5 28
291 64 91
292 8 89
293 29 22
294 78 71
295 67 74
296 90 87
297 21 90
298 8 64
299 0 47
300 79 94
301 75 94
302 78 81
303 52 68
304 26 8
305 81 28
306 12 4
307 35 4
308 91 90
309 2 37
310 86 1
311 42 37
312 50 77
313 97 54
314 19 10
315 51 87
316 90 10
317 27 94
318 60 16
319 4 52
320 40 53
321 17 77
322 39 16
323 12 9
324 99 12
325 8 84
326 8 4
327 10 59
328 76 17
329 95 80
330 6 78
331 21 29
332 30 98
333 4 11
334 48 39
335 45 24
336 47 49
337 69 95
338 61 81
339 86 38
340 79 18
341 11 58
342 0 79
343 74 77
344 51 61
345 38 56
346 79 1
347 94 80
348 83 67
349 83 53
350 33 82
351 64 10
352 59 52
353 89 0
354 99 62
355 42 2
356 43 64
357 34 4
358 91 69
359 24 72
360 93 31
361 63 75
362 11 27
363 19 47
364 89 72
365 45 65
366 54 32
367 84 50
368 74 42
369 46 33
370 10 63
371 83 42
372 17 49
373 91 0
374 36 28
375 2 15
376 19 8
377 18 12
378 77 84
379 15 48
380 40 90
381 74 94
382 35 72
383 81 66
384 62 14
385 11 22
386 8 76
387 93 78
388 84 86
389 0 59
390 47 72
391 62 60
392 31 62
393 28 81
394 15 72
395 26 13
396 89 8
397 4 42
398 52 87
399 92 35
400 99 93
401 86 18
402 79 18
403 18 27
404 80 5
405 75 20
406 61 11
407 37 47
408 1 12
409 49 19
410 80 98
411 24 12
412 29 74
413 52 81
414 89 88
415 6 9
416 53 36
417 29 83
418 68 56
419 88 99
420 69 8
421 23 37
422 20 82
423 73 63
424 83 6
425 67 63
426 6 100
427 42 49
428 89 71
429 83 8
430 60 9
431 21 60
432 84 79
433 99 10
434 15 29
435 72 45
436 48 76
437 37 72
438 76 86
439 21 21
440 22 92
441 65 52
442 16 82
443 9 71
444 94 9
445 55 56
446 46 7
447 33 6
448 95 45
449 47 5
450 86 21
451 30 52
452 22 9
453 48 81
454 36 88
455 31 100
456 45 46
457 90 6
458 39 13
459 45 57
460 88 6
461 73 4
462 69 24
463 58 7
464 74 2
465 76 75
466 70 6
467 60 46
468 75 53
469 90 42
470 62 76
471 4 95
472 7 73
473 45 32
474 53 84
475 87 68
476 11 56
477 9 14
478 58 48
479 1 2
480 55 100
481 9 60
482 25 72
483 94 56
484 53 65
485 77 8
486 90 28
487 89 75
488 86 0
489 57 89
490 45 53
491 79 81
492 71 85
493 78 58
494 57 24
495 20 40
496 71 95
497 35 8
498 49 92
499 78 53
500 14 86
501 70 9
502 84 42
503 70 96
504 27 66
505 22 86
506 76 9
507 77 58
508 85 70
509 39 19
510 49 100
511 84 71
512 39 80
513 69 64
514 9 53
515 11 74
516 54 0
517 84 36
518 56 23
519 1 96
520 21 36
521 5 26
522 48 69
523 1 71
524 45 8
525 18 98
526 68 92
527 61 1
528 10 42
529 3 0
530 73 67
531 13 78
532 1 69
533 33 28
534 69 68
535 38 16
536 54 31
537 92 80
538 19 64
539 11 11
540 38 29
541 70 26
542 15 71
543 19 71
544 27 46
545 14 19
546 89 9
547 36 77
548 60 98
549 82 91
550 61 11
551 34 81
552 87 43
553 69 13
554 99 11
555 11 18
556 33 84
557 31 56
558 58 54
559 46 0
560 74 64
561 44 49
562 12 67
563 90 17
564 29 93
565 75 9
566 59 40
567 9 81
568 75 10
569 52 29
570 22 39
571 52 62
572 80 51
573 40 42
574 18 62
575 68 100
576 16 32
577 48 74
578 90 15
579 60 1
580 59 99
581 56 40
582 15 63
583 76 20
584 11 41
585 43 49
586 56 34
587 78 34
588 53 84
589 95 54
590 31 50
591 17 27
592 94 84
593 13 50
594 4 64
595 47 29
596 99 17
597 47 65
598 6 86
599 67 95
600 0 17
601 92 47
602 9 9
603 75 57
604 63 36
605 83 39
606 52 35
607 81 0
608 67 85
609 86 57
610 44 88
611 25 97
612 25 16
613 13 86
614 83 11
615 41 81
616 86 94
617 89 100
618 7 100
619 73 60
620 57 13
621 58 24
622 87 81
623 99 77
624 100 37
625 40 16
626 87 55
627 69 84
628 53 27
629 37 99
630 50 51
631 3 65
632 43 14
633 12 87
634 8 17
635 64 64
636 27 98
637 60 90
638 75 20
639 74 79
640 83 18
641 60 71
642 16 98
643 42 28
644 62 76
645 82 95
646 60 67
647 31 28
648 85 40
649 77 68
650 87 96
651 21 63
652 77 1
653 51 20
654 42 88
655 26 19
656 39 26
657 70 85
658 70 9
659 70 70
660 72 79
661 100 61
662 12 21
663 49 31
664 93 33
665 65 22
666 24 53
667 39 34
668 64 4
669 57 89
670 41 78
671 36 89
672 3 27
673 75 86
674 68 51
675 12 44
676 87 2
677 15 51
678 66 41
679 12 50
680 36 29
681 57 98
682 89 75
683 33 84
684 19 10
685 20 8
686 11 70
687 93 50
688 37 50
689 4 42
690 61 2
691 14 77
692 95 78
693 87 59
694 42 53
695 29 62
696 85 20
697 15 89
698 74 70
699 39 21
700 33 80
701 46 7
702 37 11
703 6 89
704 11 68
705 22 38
706 17 91
707 77 90
708 64 73
709 9 1
710 53 47
711 62 85
712 58 8
713 93 11
714 57 23
715 36 46
716 98 90
717 56 70
718 48 7
719 32 34
720 48 48
721 19 90
722 93 78
723 100 100
724 52 73
725 71 44
726 9 75
727 8 84
728 11 66
729 63 82
730 62 31
731 61 90
732 86 100
733 59 26
734 89 91
735 54 74
736 95 25
737 60 9
738 89 29
739 18 84
740 88 62
741 26 21
742 82 91
743 82 62
744 16 15
745 23 79
746 43 73
747 0 60
748 23 29
749 68 76
750 71 9
751 7 51
752 80 61
753 81 16
754 95 54
755 73 56
756 61 68
757 55 99
758 69 76
759 20 69
760 46 24
761 59 49
762 31 58
763 4 78
764 32 63
765 25 54
766 27 72
767 100 78
768 59 74
769 26 29
770 57 71
771 95 96
772 91 15
773 68 12
774 94 18
775 46 65
776 79 19
777 56 25
778 82 66
779 88 46
780 0 19
781 67 13
782 100 95
783 95 85
784 98 34
785 27 33
786 16 63
787 82 37
788 76 29
789 13 9
790 20 2
791 76 46
792 65 7
793 7 12
794 72 25
795 31 61
796 26 54
797 73 80
798 14 7
799 76 57
800 43 71
801 69 92
802 62 16
803 10 43
804 20 14
805 89 34
806 16 54
807 30 67
808 58 44
809 90 26
810 16 7
811 3 28
812 35 84
813 40 26
814 71 83
815 46 62
816 70 22
817 92 47
818 35 44
819 94 90
820 51 100
821 16 33
822 16 100
823 100 83
824 77 22
825 29 89
826 47 72
827 44 20
828 51 26
829 48 91
830 39 97
831 12 8
832 87 23
833 29 97
834 1 6
835 59 20
836 35 66
837 68 83
838 63 9
839 30 54
840 71 61
841 27 66
842 24 46
843 82 8
844 33 34
845 42 92
846 94 3
847 87 84
848 82 58
849 41 4
850 42 83
851 73 4
852 78 60
853 77 31
854 44 6
855 45 83
856 29 71
857 2 83
858 16 37
859 1 48
860 53 55
861 73 11
862 76 13
863 0 93
864 57 70
865 76 0
866 50 62
867 65 66
868 51 31
869 80 43
870 54 92
871 82 68
872 57 96
873 75 57
874 61 48
875 80 28
876 27 19
877 70 21
878 38 22
879 2 22
880 42 93
881 35 19
882 17 32
883 96 72
884 37 77
885 99 7
886 11 68
887 36 27
888 55 49
889 92 34
890 57 1
891 12 44
892 100 76
893 50 37
894 76 95
895 23 53
896 54 13
897 67 71
898 13 46
899 28 26
900 26 83
901 27 31
902 4 96
903 40 15
904 98 72
905 40 5
906 50 10
907 28 61
908 67 29
909 50 71
910 57 58
911 38 71
912 26 40
913 8 88
914 83 34
915 83 8
916 45 29
917 18 92
918 28 69
919 82 62
920 90 8
921 4 38
922 24 0
923 82 60
924 80 79
925 80 6
926 90 56
927 30 82
928 20 45
929 49 42
930 49 5
931 65 57
932 11 41
933 29 10
934 50 13
935 45 69
936 99 71
937 7 37
938 42 29
939 2 73
940 99 75
941 19 9
942 56 6
943 28 9
944 68 24
945 36 22
946 66 54
947 61 2
948 54 11
949 85 56
950 34 20
951 93 30
952 4 48
953 35 95
954 6 31
955 74 100
956 32 85
957 77 35
958 78 59
959 68 10
960 53 54
961 18 6
962 7 77
963 75 3
964 38 14
965 55 4
966 46 25
967 34 33
968 69 32
969 60 14
970 37 98
971 59 41
972 95 28
973 33 40
974 83 32
975 83 42
976 56 73
977 18 88
978 16 14
979 12 50
980 35 68
981 53 6
982 11 80
983 33 80
984 34 9
985 47 14
986 90 30
987 27 23
988 79 17
989 7 8
990 15 27
991 30 30
992 94 50
993 93 33
994 64 29
995 53 60
996 26 22
997 97 67
998 30 17
999 69 19
1000 71 66
1001 77 40
1002 99 7
1003 4 81
1004 15 13
1005 8 60
1006 74 33
1007 78 93
1008 1 18
1009 67 41
1010 96 79
1011 76 53
1012 94 67
1013 40 97
1014 53 24
1015 97 65
1016 76 95
1017 65 95
1018 86 56
1019 4 3
1020 42 97
1021 56 40
1022 41 63
1023 88 3
1024 43 30
1025 78 82
1026 91 100
1027 36 23
1028 29 59
1029 88 74
1030 17 68
1031 58 99
1032 54 7
1033 19 87
1034 94 80
1035 80 52
1036 10 100
1037 64 4
1038 1 62
1039 100 66
1040 32 66
1041 88 10
1042 72 87
1043 86 80
1044 78 76
1045 32 91
1046 23 96
1047 33 34
1048 92 53
1049 23 96
1050 9 83
1051 66 78
1052 60 68
1053 36 84
1054 82 55
1055 9 40
1056 72 79
1057 92 21
1058 93 89
1059 38 15
1060 88 15
1061 41 16
1062 68 36
1063 35 56
1064 24 97
1065 46 17
1066 39 21
1067 89 20
1068 52 43
1069 78 28
1070 72 60
1071 76 71
1072 24 34
1073 26 47
1074 76 60
1075 78 68
1076 94 65
1077 88 43
1078 69 66
1079 69 4
1080 29 71
1081 63 26
1082 8 5
1083 60 80
1084 32 84
1085 89 17
1086 70 16
1087 9 33
1088 35 13
1089 29 22
1090 34 76
1091 18 37
1092 19 23
1093 94 89
1094 99 97
1095 58 67
1096 59 7
1097 80 61
1098 54 3
1099 55 19
1100 14 100
1101 44 92
1102 50 77
1103 50 16
1104 32 30
1105 18 2
1106 70 89
1107 94 18
1108 56 53
1109 1 72
1110 69 53
1111 9 56
1112 64 45
1113 19 18
1114 77 12
1115 28 42
1116 96 51
1117 85 46
1118 89 94
1119 60 54
1120 39 32
1121 87 45
1122 10 64
1123 57 16
1124 32 4
1125 96 47
1126 0 16
1127 96 88
1128 1 62
1129 47 36
1130 68 88
1131 51 3
1132 14 56
1133 96 55
1134 52 8
1135 91 86
1136 63 23
1137 72 68
1138 16 45
1139 100 68
1140 21 20
1141 27 17
1142 4 24
1143 71 90
1144 32 44
1145 74 3
1146 70 34
1147 55 18
1148 6 65
1149 96 8
1150 14 49
1151 93 83
1152 41 46
1153 28 95
1154 39 4
1155 39 15
1156 53 90
1157 85 80
1158 51 59
1159 85 69
1160 27 26
1161 13 23
1162 42 69
1163 96 17
1164 64 41
1165 21 37
1166 55 36
1167 23 93
1168 79 7
1169 26 92
1170 99 92
1171 3 72
1172 63 91
1173 42 63
1174 90 63
1175 38 57
1176 27 99
1177 70 78
1178 53 32
1179 19 87
1180 88 12
1181 35 44
1182 86 23
1183 90 38
1184 81 44
1185 63 40
1186 53 1
1187 59 71
1188 61 30
1189 28 40
1190 63 50
1191 17 36
1192 90 100
1193 21 10
1194 3 80
1195 33 44
1196 74 73
1197 91 29
1198 47 22
1199 13 70
1200 56 46
1201 24 86
1202 7 84
1203 91 28
1204 89 22
1205 40 17
1206 23 0
1207 10 62
1208 90 75
1209 51 89
1210 83 36
1211 60 36
1212 31 94
1213 82 68
1214 39 79
1215 33 2
1216 81 89
1217 94 17
1218 12 42
1219 82 8
1220 14 87
1221 51 12
1222 51 94
1223 35 58
1224 95 62
1225 58 73
1226 80 15
1227 66 62
1228 28 14
1229 94 74
1230 85 0
1231 77 14
1232 31 34
1233 87 86
1234 32 14
1235 46 28
1236 60 77
1237 16 58
1238 96 44
1239 79 71
1240 43 100
1241 78 9
1242 42 18
1243 59 71
1244 14 81
1245 90 83
1246 81 73
1247 38 48
1248 19 38
1249 86 48
1250 43 76
1251 98 91
1252 93 29
1253 100 32
1254 60 97
1255 1 31
1256 58 4
1257 8 23
1258 56 0
1259 31 64
1260 58 47
1261 97 87
1262 36 18
1263 69 98
1264 53 3
1265 43 94
1266 63 80
1267 36 13
1268 52 9
1269 9 64
1270 48 13
1271 67 40
1272 94 17
1273 42 44
1274 86 89
1275 83 48
1276 39 30
1277 30 57
1278 52 10
1279 73 22
1280 56 53
1281 99 18
1282 86 95
1283 3 31
1284 27 41
1285 45 21
1286 0 26
1287 96 53
1288 23 82
1289 12 30
1290 80 30
1291 70 70
1292 58 26
1293 92 76
1294 66 13
1295 40 58
1296 8 73
1297 75 99
1298 11 60
1299 38 6
1300 2 43
1301 59 4
1302 53 48
1303 71 44
1304 61 27
1305 17 56
1306 61 83
1307 61 60
1308 53 21
1309 21 48
1310 12 46
1311 77 51
1312 17 38
1313 80 14
1314 83 70
1315 34 40
1316 44 10
1317 78 37
1318 27 54
1319 73 71
1320 76 44
1321 10 48
1322 24 39
1323 75 31
1324 46 96
1325 38 74
1326 17 79
1327 97 90
1328 47 45
1329 61 29
1330 68 60
1331 75 10
1332 30 28
1333 62 77
1334 72 75
1335 96 27
1336 12 16
1337 21 73
1338 6 12
1339 57 86
1340 33 62
1341 33 52
1342 6 46
1343 60 51
1344 75 89
1345 23 99
1346 99 65
1347 84 80
1348 4 40
1349 75 76
1350 4 74
1351 34 33
1352 76 41
1353 70 58
1354 0 67
1355 86 78
1356 72 98
1357 93 63
1358 24 32
1359 53 6
1360 3 44
1361 50 6
1362 37 94
1363 24 99
1364 93 77
1365 58 35
1366 62 34
1367 29 28
1368 22 72
1369 81 3
1370 83 88
1371 3 33
1372 43 54
1373 28 14
1374 26 96
1375 48 21
1376 11 54
1377 48 26
1378 38 18
1379 50 72
1380 43 31
1381 92 77
1382 97 17
1383 48 43
1384 70 88
1385 18 80
1386 78 20
1387 77 61
1388 98 69
1389 58 52
1390 92 93
1391 62 78
1392 74 30
1393 35 41
1394 29 12
1395 86 17
1396 94 86
1397 64 73
1398 24 42
1399 1 78
1400 56 39
1401 10 30
1402 87 31
1403 11 20
1404 24 96
1405 51 43
1406 96 79
1407 41 52
1408 56 35
1409 45 79
1410 4 50
1411 92 76
1412 17 100
1413 86 41
1414 53 68
1415 73 78
1416 61 87
1417 2 65
1418 25 46
1419 26 57
1420 52 30
1421 97 35
1422 76 93
1423 77 7
1424 86 62
1425 8 96
1426 98 52
1427 65 21
1428 52 77
1429 45 49
1430 60 84
1431 74 63
1432 81 65
1433 64 91
1434 67 41
1435 16 62
1436 34 88
1437 8 77
1438 72 47
1439 39 76
1440 72 59
1441 60 83
1442 87 31
1443 30 93
1444 93 97
1445 51 79
1446 35 88
1447 47 7
1448 38 72
1449 0 23
1450 5 50
1451 26 85
1452 67 71
1453 39 35
1454 98 7
1455 58 78
1456 78 22
1457 15 46
1458 28 46
1459 59 51
1460 38 76
1461 18 31
1462 40 9
1463 49 41
1464 40 27
1465 97 11
1466 11 100
1467 35 19
1468 27 4
1469 42 4
1470 26 97
1471 94 5
1472 56 23
1473 89 67
1474 83 50
1475 41 66
1476 1 23
1477 88 38
1478 70 40
1479 27 69
1480 1 83
1481 97 52
1482 53 39
1483 80 72
1484 39 87
1485 86 34
1486 78 34
1487 13 12
1488 33 95
1489 16 88
1490 95 32
1491 0 64
1492 75 89
1493 92 60
1494 75 89
1495 67 11
1496 42 16
1497 88 40
1498 59 37
1499 6 47
1500 96 39
1501 13 59
1502 12 92
1503 32 84
1504 29 84
1505 24 28
1506 38 18
1507 28 72
1508 38 5
1509 94 45
1510 8 7
1511 96 2
1512 75 68
1513 1 86
1514 71 72
1515 16 20
1516 65 75
1517 6 9
1518 83 25
1519 1 57
1520 81 69
1521 62 46
1522 31 88
1523 46 54
1524 87 28
1525 0 88
1526 91 88
1527 16 33
1528 70 36
1529 6 32
1530 77 51
1531 60 35
1532 7 35
1533 94 19
1534 32 5
1535 85 50
1536 78 48
1537 84 100
1538 33 58
1539 54 0
1540 96 25
1541 65 28
1542 71 39
1543 27 76
1544 37 49
1545 33 82
1546 76 91
1547 98 12
1548 9 87
1549 49 89
1550 75 19
1551 34 99
1552 0 64
1553 62 31
1554 3 14
1555 54 27
1556 73 7
1557 65 78
1558 64 45
1559 25 8
1560 20 44
1561 78 67
1562 87 68
1563 83 83
1564 98 34
1565 95 31
1566 90 94
1567 58 65
1568 33 5
1569 60 5
1570 82 17
1571 93 38
1572 83 27
1573 42 14
1574 4 57
1575 47 11
1576 89 13
1577 50 76
1578 32 59
1579 20 21
1580 73 25
1581 87 30
1582 13 67
1583 31 50
1584 32 86
1585 41 45
1586 1 32
1587 29 30
1588 45 13
1589 25 32
1590 36 53
1591 88 37
1592 40 14
1593 71 90
1594 74 98
1595 10 68
1596 6 15
1597 85 61
1598 32 68
1599 93 10
1600 29 51
1601 89 67
1602 49 94
1603 35 55
1604 92 97
1605 80 17
1606 75 81
1607 3 35
1608 62 49
1609 67 9
1610 55 58
1611 69 74
1612 32 91
1613 61 59
1614 54 21
1615 82 36
1616 56 57
1617 64 95
1618 71 5
1619 31 31
1620 58 93
1621 46 61
1622 62 87
1623 16 65
1624 54 55
1625 88 23
1626 27 46
1627 70 42
1628 88 57
1629 26 79
1630 80 61
1631 84 42
1632 41 99
1633 57 84
1634 66 67
1635 47 91
1636 61 97
1637 66 14
1638 17 48
1639 66 37
1640 32 54
1641 9 63
1642 23 0
1643 19 55
1644 64 39
1645 61 37
1646 71 9
1647 14 44
1648 21 65
1649 96 67
1650 85 16
1651 35 50
1652 89 22
1653 32 22
1654 48 45
1655 66 97
1656 85 93
1657 70 19
1658 71 90
1659 89 69
1660 51 47
1661 16 13
1662 80 37
1663 73 52
1664 88 7
1665 60 93
1666 100 14
1667 77 62
1668 35 66
1669 82 21
1670 100 67
1671 97 35
1672 12 2
1673 28 99
1674 92 41
1675 13 70
1676 24 52
1677 61 34
1678 31 100
1679 79 64
1680 53 59
1681 100 98
1682 91 22
1683 72 80
1684 77 66
1685 18 21
1686 42 34
1687 55 47
1688 100 86
1689 89 5
1690 1 96
1691 48 53
1692 99 80
1693 74 35
1694 59 48
1695 88 95
1696 74 88
1697 18 89
1698 75 78
1699 100 48
1700 92 27
1701 25 38
1702 44 45
1703 20 87
1704 11 66
1705 88 94
1706 35 25
1707 19 57
1708 68 82
1709 3 34
1710 97 45
1711 83 35
1712 90 7
1713 24 60
1714 43 78
1715 27 50
1716 76 48
1717 41 78
1718 91 16
1719 49 39
1720 27 81
1721 72 80
1722 68 88
1723 40 62
1724 66 37
1725 26 40
1726 77 23
1727 82 79
1728 40 28
1729 81 52
1730 6 66
1731 96 33
1732 28 18
1733 34 63
1734 29 99
1735 96 15
1736 88 74
1737 55 74
1738 76 72
1739 82 79
1740 40 71
1741 15 5
1742 83 100
1743 9 85
1744 78 84
1745 100 73
1746 54 80
1747 41 1
1748 98 40
1749 73 22
1750 16 70
1751 44 53
1752 21 37
1753 42 42
1754 56 97
1755 53 43
1756 65 53
1757 84 41
1758 99 22
1759 24 64
1760 65 72
1761 75 44
1762 92 92
1763 67 12
1764 77 89
1765 99 69
1766 0 15
1767 55 76
1768 10 79
1769 37 27
1770 98 75
1771 63 70
1772 67 33
1773 0 65
1774 71 15
1775 29 11
1776 20 62
1777 91 22
1778 98 70
1779 94 24
1780 33 66
1781 60 8
1782 42 54
1783 25 95
1784 49 20
1785 14 60
1786 31 75
1787 71 43
1788 41 10
1789 18 34
1790 23 34
1791 96 43
1792 83 71
1793 6 38
1794 9 45
1795 90 48
1796 46 9
1797 37 38
1798 82 13
1799 18 21
1800 83 50
1801 29 67
1802 81 75
1803 47 22
1804 17 19
1805 75 89
1806 99 29
1807 18 83
1808 67 15
1809 84 2
1810 51 57
1811 7 27
1812 76 98
1813 56 88
1814 99 79
1815 66 21
1816 0 24
1817 60 19
1818 99 93
1819 57 64
1820 98 39
1821 63 9
1822 93 78
1823 62 40
1824 35 11
1825 82 58
1826 89 7
1827 8 60
1828 43 88
1829 85 72
1830 15 32
1831 4 82
1832 87 31
1833 42 9
1834 38 46
1835 13 33
1836 33 81
1837 48 20
1838 36 71
1839 82 94
1840 21 36
1841 32 82
1842 85 42
1843 55 49
1844 74 74
1845 81 92
1846 93 36
1847 85 45
1848 95 10
1849 100 18
1850 97 86
1851 5 70
1852 44 100
1853 22 36
1854 90 40
1855 67 75
1856 18 36
1857 35 26
1858 61 66
1859 15 40
1860 97 95
1861 79 88
1862 67 98
1863 89 17
1864 60 14
1865 89 52
1866 94 38
1867 28 82
1868 58 55
1869 74 95
1870 4 19
1871 56 1
1872 43 0
1873 94 22
1874 17 11
1875 17 26
1876 3 86
1877 59 69
1878 77 88
1879 76 50
1880 60 42
1881 63 52
1882 8 92
1883 32 30
1884 44 79
1885 20 36
1886 69 54
1887 35 58
1888 53 79
1889 41 52
1890 82 48
1891 97 92
1892 58 100
1893 86 36
1894 78 35
1895 79 82
1896 29 14
1897 62 42
1898 7 56
1899 56 45
1900 92 88
1901 23 21
1902 55 4
1903 17 77
1904 21 95
1905 47 78
1906 92 28
1907 48 80
1908 55 84
1909 89 80
1910 50 83
1911 35 90
1912 11 100
1913 54 71
1914 17 85
1915 77 60
1916 75 74
1917 8 81
1918 49 22
1919 30 76
1920 31 14
1921 7 95
1922 14 98
1923 44 76
1924 73 95
1925 88 24
1926 51 44
1927 4 98
1928 89 58
1929 99 21
1930 12 51
1931 24 53
1932 87 13
1933 44 92
1934 14 80
1935 26 20
1936 91 22
1937 74 43
1938 56 68
1939 75 71
1940 39 89
1941 6 85
1942 81 45
1943 43 100
1944 47 27
1945 39 75
1946 96 100
1947 31 66
1948 9 90
1949 85 71
1950 1 54
1951 70 35
1952 21 88
1953 43 79
1954 43 6
1955 53 98
1956 66 42
1957 92 4
1958 70 84
1959 20 64
1960 61 81
1961 5 47
1962 63 58
1963 39 91
1964 63 87
1965 30 81
1966 26 34
1967 67 17
1968 21 12
1969 32 43
1970 44 87
1971 88 53
1972 98 25
1973 15 92
1974 79 10
1975 26 2
1976 22 31
1977 98 95
1978 9 27
1979 68 19
1980 56 47
1981 32 8
1982 97 95
1983 53 13
1984 73 48
1985 75 3
1986 1 79
1987 30 11
1988 80 96
1989 72 39
1990 51 69
1991 24 14
1992 93 74
1993 55 61
1994 74 18
1995 32 76
1996 30 86
1997 48 40
1998 15 21
1999 48 76
2000 17 26
2001 7 28
2002 53 93
2003 58 2
2004 11 97
2005 7 90
2006 29 71
2007 58 17
2008 13 1
2009 49 69
2010 57 0
2011 8 61
2012 59 11
2013 19 36
2014 87 16
2015 54 26
2016 6 80
2017 38 13
2018 18 94
2019 77 24
2020 73 78
2021 72 19
2022 20 98
2023 82 27
2024 23 97
2025 87 74
2026 42 96
2027 35 41
2028 100 92
2029 49 75
2030 70 13
2031 77 6
2032 77 45
2033 33 4
2034 74 7
2035 85 6
2036 7 8
2037 34 47
2038 51 23
2039 22 30
2040 95 65
2041 45 31
2042 40 59
2043 16 51
2044 72 59
2045 5 17
2046 45 64
2047 4 48
2048 53 5
2049 72 68
2050 55 20
2051 89 39
2052 49 13
2053 48 18
2054 15 15
2055 67 50
2056 69 100
2057 52 47
2058 39 28
2059 29 40
2060 73 47
2061 65 32
2062 76 7
2063 19 64
2064 75 30
2065 63 63
2066 43 62
2067 17 15
2068 59 72
2069 10 19
2070 12 30
2071 9 47
2072 68 15
2073 94 85
2074 23 58
2075 77 7
2076 15 70
2077 41 70
2078 76 84
2079 82 15
2080 14 64
2081 100 30
2082 11 70
2083 53 2
2084 68 75
2085 36 7
2086 16 9
2087 63 100
2088 4 99
2089 76 12
2090 75 33
2091 57 23
2092 93 66
2093 81 9
2094 34 13
2095 4 39
2096 1 42
2097 15 94
2098 37 29
2099 96 61
2100 11 54
2101 97 85
2102 4 42
2103 50 18
2104 32 87
2105 47 35
2106 86 5
2107 83 41
2108 20 97
2109 13 16
2110 4 72
2111 47 39
2112 80 96
2113 51 96
2114 83 52
2115 36 11
2116 79 31
2117 35 45
2118 11 26
2119 61 49
2120 87 97
2121 4 40
2122 46 32
2123 14 96
2124 52 68
2125 58 5
2126 98 14
2127 58 40
2128 49 33
2129 45 35
2130 36 66
2131 81 95
2132 30 39
2133 86 13
2134 58 80
2135 93 17
2136 58 91
2137 59 93
2138 26 39
2139 79 44
2140 0 40
2141 79 48
2142 81 1
2143 73 51
2144 49 8
2145 55 12
2146 71 68
2147 34 7
2148 53 2
2149 37 52
2150 14 91
2151 66 63
2152 2 100
2153 98 59
2154 41 95
2155 18 38
2156 13 13
2157 35 93
2158 89 41
2159 68 83
2160 43 88
2161 57 10
2162 66 21
2163 27 4
2164 88 1
2165 53 75
2166 39 29
2167 70 26
2168 96 65
2169 71 38
2170 36 15
2171 53 8
2172 39 90
2173 9 98
2174 85 51
2175 27 56
2176 15 70
2177 82 71
2178 82 8
2179 92 6
2180 80 39
2181 74 51
2182 98 69
2183 48 12
2184 48 1
2185 58 0
2186 51 89
2187 34 79
2188 67 97
2189 72 80
2190 47 48
2191 75 25
2192 62 54
2193 2 56
2194 27 60
2195 10 21
2196 0 26
2197 46 50
2198 20 79
2199 35 43
2200 66 6
2201 39 34
2202 38 83
2203 45 82
2204 21 57
2205 80 15
2206 44 94
2207 32 11
2208 88 90
2209 29 62
2210 23 33
2211 32 81
2212 99 23
2213 26 0
2214 43 36
2215 32 62
2216 94 53
2217 35 94
2218 23 89
2219 71 98
2220 6 6
2221 32 38
2222 68 43
2223 79 36
2224 71 88
2225 79 100
2226 7 13
2227 15 14
2228 53 24
2229 93 99
2230 85 63
2231 6 77
2232 46 11
2233 55 74
2234 62 18
2235 97 76
2236 0 33
2237 81 55
2238 90 51
2239 19 91
2240 96 89
2241 91 67
2242 62 58
2243 23 70
2244 43 88
2245 65 26
2246 97 50
2247 92 5
2248 11 45
2249 34 7
2250 93 20
2251 82 88
2252 47 42
2253 49 99
2254 29 15
2255 50 20
2256 0 45
2257 12 71
2258 61 28
2259 36 86
2260 86 50
2261 34 94
2262 39 87
2263 4 88
2264 100 41
2265 68 63
2266 28 89
2267 63 68
2268 93 65
2269 40 48
2270 100 15
2271 84 56
2272 14 69
2273 40 94
2274 63 91
2275 13 80
2276 67 88
2277 34 63
2278 75 21
2279 38 36
2280 24 82
2281 80 42
2282 11 9
2283 60 38
2284 76 39
2285 1 87
2286 33 51
2287 75 79
2288 85 11
2289 100 49
2290 24 60
2291 48 79
2292 33 74
2293 33 77
2294 51 79
2295 51 82
2296 95 68
2297 78 16
2298 15 75
2299 76 23
2300 40 5
2301 15 28
2302 39 73
2303 63 95
2304 59 35
2305 15 56
2306 42 12
2307 48 21
2308 87 57
2309 42 80
2310 93 99
2311 9 91
2312 80 57
2313 90 35
2314 35 64
2315 94 66
2316 58 65
2317 9 4
2318 56 69
2319 98 8
2320 74 0
2321 5 5
2322 94 74
2323 50 40
2324 29 0
2325 41 90
2326 58 97
2327 5 67
2328 12 88
2329 36 44
2330 98 2
2331 6 74
2332 71 88
2333 40 22
2334 33 8
2335 52 85
2336 49 87
2337 36 82
2338 85 52
2339 43 88
2340 31 72
2341 52 8
2342 23 73
2343 66 16
2344 95 21
2345 8 53
2346 78 17
2347 78 3
2348 47 62
2349 62 55
2350 84 85
2351 14 36
2352 50 16
2353 46 82
2354 62 16
2355 38 78
2356 60 35
2357 20 56
2358 44 44
2359 17 55
2360 73 52
2361 33 23
2362 11 80
2363 68 4
2364 98 40
2365 15 56
2366 17 15
2367 19 50
2368 91 78
2369 35 5
2370 17 93
2371 19 33
2372 8 17
2373 13 96
2374 82 54
2375 53 22
2376 13 19
2377 74 28
2378 33 35
2379 35 14
2380 46 35
2381 59 7
2382 87 5
2383 66 35
2384 21 60
2385 69 4
2386 13 66
2387 56 8
2388 96 87
2389 16 52
2390 88 62
2391 63 34
2392 58 23
2393 29 87
2394 27 56
2395 11 13
2396 47 13
2397 41 73
2398 19 80
2399 56 37
2400 51 3
2401 70 12
2402 35 47
2403 37 58
2404 31 53
2405 14 63
2406 8 34
2407 11 22
2408 21 87
2409 17 19
2410 74 88
2411 97 91
2412 13 31
2413 93 32
2414 80 82
2415 45 45
2416 1 18
2417 32 10
2418 71 4
2419 43 86
2420 75 24
2421 42 51
2422 35 71
2423 63 14
2424 31 88
2425 13 4
2426 53 9
2427 6 12
2428 34 75
2429 60 79
2430 24 19
2431 24 68
2432 4 52
2433 20 29
2434 96 34
2435 39 81
2436 100 50
2437 50 73
2438 0 69
2439 48 4
2440 14 54
2441 60 74
2442 95 15
2443 60 80
2444 11 29
2445 36 51
2446 34 92
2447 96 71
2448 37 51
2449 71 78
2450 80 50
2451 26 79
2452 6 81
2453 85 29
2454 14 65
2455 89 94
2456 98 44
2457 67 93
2458 5 7
2459 42 68
2460 37 55
2461 56 65
2462 44 79
2463 42 74
2464 70 54
2465 17 29
2466 56 24
2467 23 16
2468 90 94
2469 34 94
2470 63 90
2471 55 61
2472 52 65
2473 45 80
2474 95 16
2475 23 46
2476 40 58
2477 60 18
2478 62 82
2479 58 71
2480 82 67
2481 72 100
2482 72 0
2483 80 100
2484 73 20
2485 87 70
2486 40 69
2487 69 61
2488 16 98
2489 42 4
2490 42 6
2491 20 44
2492 32 50
2493 69 10
2494 12 30
2495 30 88
2496 64 49
2497 100 12
2498 66 26
2499 61 28
2500 82 61
2501 53 46
2502 63 1
2503 51 45
2504 51 65
2505 50 98
2506 61 92
2507 54 48
2508 79 100
2509 72 69
2510 35 91
2511 15 80
2512 35 15
2513 21 12
2514 30 26
2515 66 46
2516 2 29
2517 12 39
2518 4 78
2519 90 1
2520 18 75
2521 45 83
2522 58 77
2523 57 87
2524 80 68
2525 100 95
2526 45 57
2527 25 56
2528 75 99
2529 34 72
2530 34 50
2531 7 9
2532 93 35
2533 72 29
2534 27 66
2535 73 99
2536 49 19
2537 27 69
2538 93 52
2539 88 12
2540 50 30
2541 58 27
2542 44 46
2543 53 21
2544 67 66
2545 4 100
2546 78 24
2547 2 23
2548 16 17
2549 38 20
2550 21 45
2551 3 75
2552 36 33
2553 51 31
2554 21 27
2555 7 27
2556 1 13
2557 70 22
2558 62 62
2559 32 17
2560 14 75
2561 3 17
2562 85 48
2563 74 48
2564 13 35
2565 59 41
2566 84 43
2567 68 73
2568 37 25
2569 75 74
2570 5 41
2571 19 24
2572 42 27
2573 13 25
2574 74 78
2575 88 61
2576 35 36
2577 83 13
2578 45 7
2579 92 10
2580 43 45
2581 63 96
2582 29 62
2583 18 27
2584 68 88
2585 52 99
2586 1 29
2587 4 87
2588 53 87
2589 84 2
2590 67 99
2591 44 54
2592 57 59
2593 10 19
2594 4 20
2595 27 67
2596 28 81
2597 49 39
2598 6 31
2599 20 81
2600 97 27
2601 96 69
2602 7 99
2603 83 7
2604 30 21
2605 70 89
2606 59 55
2607 98 78
2608 59 42
2609 25 56
2610 99 19
2611 34 80
2612 41 31
2613 98 39
2614 1 12
2615 86 9
2616 92 56
2617 12 18
2618 6 61
2619 73 35
2620 42 21
2621 0 69
2622 29 85
2623 25 64
2624 12 0
2625 46 100
2626 43 37
2627 97 37
2628 38 0
2629 61 41
2630 84 49
2631 29 20
2632 6 45
2633 58 60
2634 90 86
2635 31 88
2636 59 48
2637 22 23
2638 40 86
2639 83 12
2640 44 96
2641 21 97
2642 40 93
2643 75 100
2644 43 51
2645 45 5
2646 10 12
2647 59 25
2648 32 15
2649 43 22
2650 90 67
2651 4 10
2652 77 52
2653 98 67
2654 52 3
2655 66 92
2656 48 59
2657 95 84
2658 6 7
2659 94 63
2660 24 62
2661 6 34
2662 12 28
2663 12 2
2664 25 29
2665 9 58
2666 80 15
2667 25 57
2668 1 88
2669 19 8
2670 16 70
2671 30 66
2672 29 71
2673 84 57
2674 26 9
2675 70 79
2676 26 12
2677 98 19
2678 57 96
2679 77 41
2680 63 93
2681 91 41
2682 48 43
2683 92 58
2684 22 81
2685 9 59
2686 35 62
2687 16 58
2688 82 14
2689 3 13
2690 10 63
2691 7 34
2692 28 96
2693 41 65
2694 8 67
2695 75 98
2696 79 35
2697 10 72
2698 73 15
2699 14 51
2700 69 88
2701 92 31
2702 21 92
2703 69 73
2704 99 60
2705 25 7
2706 15 42
2707 25 47
2708 97 72
2709 87 36
2710 99 44
2711 24 21
2712 32 65
2713 33 91
2714 96 19
2715 97 75
2716 85 5
2717 76 51
2718 7 35
2719 63 8
2720 73 87
2721 95 41
2722 81 69
2723 75 52
2724 53 47
2725 9 55
2726 18 94
2727 19 12
2728 90 41
2729 26 63
2730 52 31
2731 71 3
2732 13 48
2733 15 13
2734 56 89
2735 64 6
2736 17 56
2737 95 56
2738 81 10
2739 64 95
2740 74 94
2741 52 93
2742 74 83
2743 50 91
2744 70 61
2745 77 71
2746 37 100
2747 98 33
2748 70 99
2749 44 66
2750 0 32
2751 96 66
2752 8 11
2753 47 88
2754 28 45
2755 62 95
2756 37 34
2757 52 24
2758 78 60
2759 34 84
2760 25 31
2761 78 80
2762 11 75
2763 20 32
2764 2 55
2765 95 46
2766 99 93
2767 2 5
2768 88 57
2769 96 51
2770 72 100
2771 3 30
2772 91 31
2773 26 38
2774 55 94
2775 25 0
2776 96 24
2777 16 66
2778 9 50
2779 75 76
2780 100 35
2781 25 50
2782 33 40
2783 70 2
2784 57 81
2785 98 7
2786 70 67
2787 71 0
2788 94 44
2789 64 95
2790 52 43
2791 39 95
2792 67 89
2793 9 37
2794 34 80
2795 66 72
2796 87 36
2797 34 8
2798 34 93
2799 47 70
2800 54 67
2801 30 55
2802 20 36
2803 97 74
2804 49 17
2805 34 17
2806 64 6
2807 5 16
2808 26 100
2809 89 14
2810 18 28
2811 74 44
2812 83 61
2813 41 57
2814 12 90
2815 74 29
2816 28 6
2817 77 44
2818 42 99
2819 26 72
2820 27 73
2821 57 21
2822 29 49
2823 16 13
2824 66 51
2825 19 19
2826 20 67
2827 39 21
2828 52 56
2829 100 39
2830 99 94
2831 22 18
2832 80 43
2833 74 86
2834 87 36
2835 45 49
2836 23 50
2837 0 38
2838 87 76
2839 60 66
2840 77 69
2841 69 61
2842 60 39
2843 26 48
2844 55 43
2845 54 0
2846 52 75
2847 29 52
2848 76 2
2849 37 13
2850 28 27
2851 52 47
2852 15 25
2853 48 94
2854 24 89
2855 18 16
2856 78 65
2857 8 29
2858 53 20
2859 62 77
2860 44 45
2861 9 99
2862 5 74
2863 98 56
2864 59 95
2865 38 61
2866 82 45
2867 87 45
2868 85 68
2869 14 25
2870 47 73
2871 2 21
2872 69 91
2873 14 78
2874 96 25
2875 11 65
2876 10 68
2877 80 37
2878 25 51
2879 14 79
2880 46 50
2881 60 9
2882 12 41
2883 73 62
2884 12 28
2885 53 76
2886 57 86
2887 87 24
2888 11 57
2889 34 65
2890 84 63
2891 89 22
2892 16 90
2893 57 9
2894 1 99
2895 40 17
2896 93 22
2897 30 41
2898 76 90
2899 48 97
2900 36 52
2901 60 88
2902 49 77
2903 69 87
2904 95 7
2905 22 57
2906 62 57
2907 11 70
2908 31 78
2909 68 59
2910 63 3
2911 33 68
2912 2 52
2913 29 35
2914 96 11
2915 51 82
2916 88 65
2917 35 16
2918 34 29
2919 45 45
2920 26 3
2921 39 98
2922 1 45
2923 81 9
2924 63 36
2925 87 33
2926 51 58
2927 6 81
2928 94 18
2929 64 74
2930 90 81
2931 21 60
2932 12 53
2933 57 28
2934 68 5
2935 54 18
2936 0 11
2937 46 6
2938 74 74
2939 92 88
2940 57 96
2941 44 87
2942 46 24
2943 88 33
2944 24 69
2945 88 0
2946 76 85
2947 94 13
2948 68 83
2949 91 76
2950 52 66
2951 24 2
2952 68 76
2953 15 94
2954 28 99
2955 19 68
2956 69 72
2957 78 29
2958 64 79
2959 65 33
2960 53 54
2961 91 84
2962 41 40
2963 25 7
2964 47 22
2965 32 16
2966 81 3
2967 70 73
2968 8 30
2969 69 63
2970 38 34
2971 8 62
2972 7 52
2973 42 48
2974 7 72
2975 58 96
2976 54 37
2977 40 14
2978 75 92
2979 61 33
2980 75 79
2981 21 11
2982 89 26
2983 23 10
2984 60 82
2985 58 10
2986 70 50
2987 93 15
2988 52 56
2989 26 11
2990 82 71
2991 57 69
2992 82 51
2993 16 61
2994 43 93
2995 87 95
2996 70 8
2997 58 92
2998 59 86
2999 24 93
3000 76 83
3001 17 16
3002 13 29
3003 90 62
3004 43 5
3005 75 98
3006 29 78
3007 82 37
3008 33 40
3009 29 4
3010 18 2
3011 6 100
3012 67 23
3013 78 98
3014 77 74
3015 87 54
3016 34 67
3017 13 17
3018 97 96
3019 46 70
3020 29 30
3021 87 67
3022 78 94
3023 22 27
3024 99 81
3025 65 65
3026 31 99
3027 0 82
3028 2 96
3029 18 90
3030 39 12
3031 96 44
3032 91 14
3033 6 84
3034 82 1
3035 92 49
3036 98 33
3037 56 16
3038 74 79
3039 21 72
3040 41 87
3041 30 88
3042 76 26
3043 51 8
3044 56 4
3045 43 100
3046 51 7
3047 31 52
3048 54 85
3049 98 38
3050 22 66
3051 90 21
3052 54 68
3053 23 85
3054 32 23
3055 32 13
3056 62 46
3057 55 61
3058 2 8
3059 93 66
3060 26 52
3061 4 74
3062 5 90
3063 21 35
3064 19 43
3065 31 75
3066 81 1
3067 58 25
3068 16 34
3069 95 69
3070 71 39
3071 66 4
3072 66 94
3073 37 85
3074 66 54
3075 41 83
3076 4 35
3077 49 20
3078 30 87
3079 81 7
3080 79 51
3081 1 11
3082 21 86
3083 56 84
3084 78 52
3085 91 77
3086 48 49
3087 30 83
3088 16 14
3089 10 33
3090 27 55
3091 18 11
3092 55 40
3093 23 91
3094 24 73
3095 59 60
3096 62 47
3097 5 75
3098 78 56
3099 99 20
3100 50 5
3101 53 0
3102 92 62
3103 23 10
3104 32 81
3105 4 43
3106 90 19
3107 50 4
3108 84 81
3109 54 15
3110 24 13
3111 50 23
3112 22 23
3113 51 64
3114 38 86
3115 19 3
3116 92 32
3117 54 1
3118 92 11
3119 68 100
3120 74 97
3121 13 22
3122 32 3
3123 21 80
3124 71 0
3125 87 37
3126 65 37
3127 62 81
3128 71 100
3129 52 27
3130 97 96
3131 5 33
3132 22 23
3133 72 3
3134 64 100
3135 68 50
3136 77 74
3137 69 83
3138 89 46
3139 12 91
3140 61 82
3141 65 66
3142 77 3
3143 81 50
3144 87 22
3145 47 99
3146 31 97
3147 21 36
3148 4 66
3149 82 81
3150 2 56
3151 34 6
3152 25 64
3153 89 21
3154 85 19
3155 42 4
3156 85 61
3157 70 2
3158 93 86
3159 2 38
3160 79 34
3161 41 0
3162 81 44
3163 84 67
3164 15 55
3165 46 70
3166 44 17
3167 11 57
3168 78 89
3169 37 68
3170 40 8
3171 58 4
3172 44 41
3173 41 81
3174 88 75
3175 47 82
3176 28 2
3177 24 40
3178 9 85
3179 9 3
3180 98 58
3181 94 63
3182 47 99
3183 47 62
3184 63 29
3185 2 74
3186 8 69
3187 75 66
3188 28 99
3189 97 52
3190 21 82
3191 45 85
3192 61 28
3193 60 37
3194 47 95
3195 99 60
3196 22 75
3197 100 79
3198 29 28
3199 17 95
3200 66 22
3201 9 99
3202 75 33
3203 11 100
3204 75 97
3205 26 80
3206 3 29
3207 71 69
3208 55 13
3209 5 52
3210 8 37
3211 91 6
3212 48 57
3213 99 97
3214 38 74
3215 62 21
3216 40 20
3217 6 9
3218 41 28
3219 66 35
3220 9 38
3221 83 92
3222 4 27
3223 48 55
3224 22 54
3225 70 62
3226 17 27
3227 52 80
3228 33 6
3229 27 85
3230 60 64
3231 89 34
3232 69 0
3233 26 23
3234 56 35
3235 73 39
3236 79 24
3237 15 97
3238 60 4
3239 59 59
3240 51 24
3241 84 3
3242 8 0
3243 27 28
3244 55 30
3245 14 19
3246 67 0
3247 57 99
3248 63 51
3249 34 66
3250 100 63
3251 40 41
3252 8 14
3253 18 48
3254 5 51
3255 85 100
3256 97 8
3257 37 94
3258 53 13
3259 38 70
3260 78 6
3261 35 40
3262 41 16
3263 33 31
3264 30 32
3265 61 1
3266 35 88
3267 5 43
3268 10 19
3269 58 60
3270 99 39
3271 39 12
3272 29 21
3273 69 75
3274 35 79
3275 90 84
3276 62 91
3277 1 86
3278 90 96
3279 94 21
3280 45 0
3281 96 16
3282 44 60
3283 81 62
3284 58 31
3285 96 73
3286 7 11
3287 83 57
3288 84 83
3289 0 3
3290 18 16
3291 24 85
3292 31 46
3293 76 74
3294 65 47
3295 73 83
3296 48 14
3297 51 76
3298 26 34
3299 66 85
3300 14 99
3301 89 64
3302 96 92
3303 12 57
3304 86 65
3305 92 81
3306 93 39
3307 60 93
3308 99 0
3309 96 84
3310 79 93
3311 51 33
3312 75 9
3313 6 11
3314 88 63
3315 36 45
3316 16 96
3317 81 43
3318 1 74
3319 67 52
3320 7 36
3321 33 64
3322 17 77
3323 41 83
3324 11 90
3325 44 35
3326 20 34
3327 27 61
3328 68 60
3329 65 4
3330 65 57
3331 58 87
3332 26 25
3333 51 1
3334 1 95
3335 89 57
3336 58 45
3337 31 73
3338 95 12
3339 27 52
3340 100 49
3341 22 53
3342 88 97
3343 82 52
3344 64 56
3345 75 16
3346 80 88
3347 17 62
3348 35 28
3349 38 14
3350 67 23
3351 10 88
3352 26 68
3353 57 27
3354 27 80
3355 47 96
3356 1 66
3357 71 81
3358 57 45
3359 98 6
3360 19 73
3361 74 13
3362 0 75
3363 55 81
3364 32 51
3365 29 69
3366 53 79
3367 67 79
3368 21 87
3369 38 60
3370 55 98
3371 8 74
3372 33 90
3373 73 98
3374 18 29
3375 84 18
3376 73 9
3377 71 46
3378 53 43
3379 9 72
3380 23 69
3381 35 7
3382 97 33
3383 33 74
3384 44 59
3385 4 46
3386 3 50
3387 3 84
3388 75 66
3389 84 59
3390 64 12
3391 30 70
3392 48 58
3393 63 38
3394 37 26
3395 76 53
3396 56 53
3397 65 23
3398 25 27
3399 49 62
3400 1 57
3401 7 49
3402 67 91
3403 20 24
3404 88 96
3405 77 4
3406 6 67
3407 53 29
3408 84 2
3409 44 79
3410 3 57
3411 38 92
3412 98 72
3413 82 50
3414 47 28
3415 25 51
3416 91 73
3417 14 7
3418 25 58
3419 88 41
3420 28 39
3421 74 84
3422 14 12
3423 42 97
3424 23 44
3425 34 42
3426 62 46
3427 87 47
3428 53 74
3429 91 44
3430 53 14
3431 3 20
3432 73 35
3433 79 55
3434 25 44
3435 69 68
3436 77 74
3437 95 94
3438 46 87
3439 30 59
3440 98 68
3441 94 92
3442 99 2
3443 18 4
3444 0 25
3445 93 57
3446 20 18
3447 79 57
3448 71 28
3449 75 18
3450 47 38
3451 82 10
3452 7 82
3453 41 21
3454 27 86
3455 97 66
3456 12 38
3457 48 47
3458 29 6
3459 31 69
3460 46 42
3461 100 9
3462 14 4
3463 44 68
3464 92 33
3465 0 58
3466 83 52
3467 18 44
3468 100 68
3469 43 79
3470 75 100
3471 16 48
3472 8 71
3473 77 85
3474 10 88
3475 77 53
3476 100 58
3477 20 91
3478 12 29
3479 46 91
3480 32 89
3481 74 6
3482 14 71
3483 18 70
3484 86 98
3485 52 7
3486 28 59
3487 70 57
3488 62 84
3489 6 24
3490 16 56
3491 92 99
3492 74 87
3493 65 88
3494 60 73
3495 48 1
3496 36 45
3497 12 13
3498 68 64
3499 40 78
3500 2 95
3501 83 34
3502 3 7
3503 79 28
3504 60 27
3505 100 0
3506 53 58
3507 51 83
3508 52 87
3509 65 69
3510 9 62
3511 46 55
3512 86 85
3513 99 44
3514 19 99
3515 6 96
3516 55 8
3517 81 60
3518 72 79
3519 42 25
3520 82 71
3521 29 2
3522 0 79
3523 19 84
3524 78 34
3525 26 18
3526 13 89
3527 12 57
3528 79 20
3529 79 1
3530 35 36
3531 84 44
3532 21 34
3533 39 64
3534 21 60
3535 69 20
3536 54 79
3537 88 73
3538 63 41
3539 61 100
3540 95 56
3541 93 66
3542 1 43
3543 11 59
3544 55 21
3545 19 81
3546 53 46
3547 39 15
3548 65 36
3549 11 82
3550 27 49
3551 77 86
3552 35 1
3553 82 44
3554 92 0
3555 34 70
3556 64 10
3557 47 52
3558 69 0
3559 25 76
3560 10 19
3561 13 88
3562 28 79
3563 17 21
3564 7 43
3565 17 22
3566 63 68
3567 40 48
3568 79 64
3569 12 99
3570 39 34
3571 5 91
3572 62 49
3573 12 98
3574 94 37
3575 95 37
3576 63 24
3577 28 64
3578 88 97
3579 62 33
3580 10 23
3581 32 91
3582 88 45
3583 67 67
3584 41 18
3585 91 44
3586 44 55
3587 73 6
3588 6 2
3589 44 82
3590 68 38
3591 99 73
3592 36 48
3593 76 31
3594 30 67
3595 47 18
3596 87 42
3597 16 24
3598 13 44
3599 86 82
3600 91 69
3601 29 14
3602 23 92
3603 7 19
3604 57 35
3605 10 27
3606 73 97
3607 59 56
3608 87 48
3609 6 33
3610 29 84
3611 49 6
3612 64 56
3613 83 16
3614 14 56
3615 89 23
3616 57 4
3617 5 12
3618 84 5
3619 53 7
3620 84 12
3621 7 29
3622 51 57
3623 44 47
3624 39 50
3625 92 84
3626 96 58
3627 18 89
3628 24 94
3629 51 64
3630 37 68
3631 22 47
3632 44 60
3633 40 60
3634 98 42
3635 33 30
3636 38 76
3637 47 40
3638 32 22
3639 89 21
3640 34 82
3641 25 28
3642 1 26
3643 64 79
3644 19 39
3645 79 0
3646 11 83
3647 4 86
3648 93 49
3649 22 43
3650 64 50
3651 80 47
3652 91 31
3653 51 23
3654 24 56
3655 98 13
3656 78 16
3657 6 3
3658 94 45
3659 25 42
3660 15 72
3661 71 5
3662 75 89
3663 19 83
3664 67 56
3665 54 89
3666 54 16
3667 63 36
3668 16 50
3669 9 29
3670 55 65
3671 16 94
3672 41 22
3673 95 89
3674 63 0
3675 81 20
3676 97 27
3677 1 56
3678 75 13
3679 63 73
3680 28 32
3681 81 9
3682 56 20
3683 97 84
3684 42 50
3685 95 35
3686 65 61
3687 9 82
3688 30 98
3689 53 9
3690 68 0
3691 74 62
3692 38 75
3693 12 36
3694 93 33
3695 20 27
3696 97 96
3697 30 2
3698 68 32
3699 15 57
3700 34 73
3701 6 43
3702 19 47
3703 72 76
3704 25 95
3705 37 42
3706 61 21
3707 15 28
3708 88 11
3709 73 22
3710 47 42
3711 42 14
3712 70 91
3713 79 49
3714 77 41
3715 39 60
3716 12 43
3717 97 28
3718 6 39
3719 50 35
3720 2 95
3721 89 56
3722 57 64
3723 87 5
3724 36 74
3725 81 26
3726 38 3
3727 66 36
3728 14 12
3729 14 6
3730 31 25
3731 17 76
3732 65 73
3733 16 14
3734 7 14
3735 28 85
3736 39 71
3737 11 16
3738 32 1
3739 57 48
3740 34 53
3741 38 85
3742 84 7
3743 6 81
3744 34 67
3745 10 22
3746 47 71
3747 27 80
3748 12 76
3749 27 46
3750 47 5
3751 84 10
3752 47 5
3753 9 30
3754 79 89
3755 39 45
3756 90 75
3757 64 97
3758 84 6
3759 55 35
3760 60 27
3761 21 13
3762 58 26
3763 16 64
3764 42 89
3765 21 77
3766 20 98
3767 18 32
3768 84 99
3769 93 50
3770 43 71
3771 3 25
3772 26 20
3773 71 29
3774 30 83
3775 9 3
3776 30 84
3777 62 93
3778 28 100
3779 31 96
3780 62 71
3781 48 16
3782 58 42
3783 50 53
3784 32 80
3785 63 17
3786 25 57
3787 48 23
3788 9 91
3789 99 52
3790 9 3
3791 32 84
3792 72 18
3793 77 12
3794 93 33
3795 24 36
3796 1 19
3797 23 99
3798 62 51
3799 48 35
3800 98 42
3801 38 89
3802 53 21
3803 1 65
3804 27 0
3805 92 17
3806 63 9
3807 3 33
3808 56 36
3809 97 33
3810 19 66
3811 41 45
3812 38 21
3813 76 74
3814 52 47
3815 3 5
3816 27 49
3817 25 27
3818 56 67
3819 4 59
3820 55 13
3821 36 100
3822 60 47
3823 24 45
3824 84 5
3825 50 78
3826 60 94
3827 85 5
3828 9 89
3829 28 7
3830 43 33
3831 13 74
3832 54 22
3833 77 45
3834 52 81
3835 37 21
3836 52 13
3837 34 59
3838 35 74
3839 43 69
3840 5 74
3841 20 29
3842 55 23
3843 75 85
3844 56 94
3845 95 34
3846 36 63
3847 60 87
3848 53 85
3849 82 60
3850 37 18
3851 32 92
3852 8 1
3853 12 59
3854 80 69
3855 83 69
3856 36 41
3857 63 99
3858 32 84
3859 39 60
3860 59 53
3861 20 26
3862 0 44
3863 93 31
3864 60 1
3865 26 65
3866 19 68
3867 73 4
3868 3 74
3869 77 29
3870 75 40
3871 16 14
3872 92 8
3873 17 57
3874 99 34
3875 37 49
3876 36 70
3877 53 9
3878 72 75
3879 91 72
3880 60 67
3881 92 48
3882 10 61
3883 18 32
3884 6 3
3885 56 11
3886 81 36
3887 37 45
3888 95 34
3889 1 78
3890 100 72
3891 82 21
3892 22 50
3893 80 45
3894 4 35
3895 26 97
3896 82 58
3897 21 75
3898 36 7
3899 75 63
3900 5 61
3901 93 36
3902 92 29
3903 37 30
3904 17 47
3905 99 6
3906 85 21
3907 73 59
3908 19 56
3909 99 76
3910 95 94
3911 58 95
3912 83 53
3913 45 15
3914 82 19
3915 17 14
3916 79 33
3917 83 88
3918 22 88
3919 96 31
3920 41 54
3921 12 21
3922 7 37
3923 54 98
3924 56 74
3925 50 54
3926 42 67
3927 100 84
3928 27 33
3929 47 0
3930 13 40
3931 43 82
3932 80 96
3933 1 10
3934 4 97
3935 9 6
3936 36 22
3937 99 23
3938 13 48
3939 61 4
3940 84 64
3941 44 34
3942 65 9
3943 15 72
3944 83 21
3945 37 45
3946 71 8
3947 76 55
3948 45 87
3949 45 81
3950 78 83
3951 65 7
3952 73 60
3953 85 50
3954 13 2
3955 86 30
3956 24 71
3957 85 39
3958 33 51
3959 44 0
3960 6 80
3961 93 87
3962 47 65
3963 79 12
3964 68 36
3965 47 54
3966 32 4
3967 6 32
3968 23 72
3969 59 52
3970 86 93
3971 74 68
3972 96 36
3973 95 89
3974 21 88
3975 86 14
3976 28 67
3977 14 63
3978 81 92
3979 88 33
3980 37 30
3981 97 28
3982 84 92
3983 5 74
3984 91 36
3985 97 96
3986 65 42
3987 85 88
3988 73 83
3989 45 42
3990 89 74
3991 90 66
3992 85 47
3993 35 92
3994 99 1
3995 97 3
3996 16 56
3997 96 29
3998 68 72
3999 70 74
4000 42 13
4001 8 2
4002 69 24
4003 96 11
4004 20 87
4005 89 11
4006 14 14
4007 51 21
4008 24 21
4009 21 2
4010 17 21
4011 53 65
4012 77 91
4013 99 0
4014 30 13
4015 1 63
4016 50 74
4017 19 52
4018 51 38
4019 59 14
4020 57 46
4021 78 84
4022 90 22
4023 29 81
4024 48 24
4025 41 55
4026 42 89
4027 100 67
4028 70 29
4029 63 74
4030 41 69
4031 69 7
4032 90 59
4033 14 41
4034 91 7
4035 69 80
4036 62 10
4037 34 70
4038 90 97
4039 18 23
4040 45 30
4041 57 11
4042 96 10
4043 87 59
4044 46 29
4045 74 100
4046 23 83
4047 18 61
4048 37 32
4049 70 9
4050 8 66
4051 37 18
4052 11 100
4053 50 55
4054 83 7
4055 69 86
4056 50 18
4057 35 3
4058 82 43
4059 51 3
4060 39 11
4061 2 44
4062 40 18
4063 27 84
4064 96 63
4065 90 56
4066 56 57
4067 12 94
4068 54 32
4069 24 72
4070 35 73
4071 84 58
4072 36 70
4073 4 0
4074 6 42
4075 92 48
4076 40 18
4077 59 85
4078 32 96
4079 8 72
4080 58 28
4081 40 20
4082 27 88
4083 33 8
4084 8 38
4085 3 75
4086 84 34
4087 42 95
4088 89 99
4089 20 86
4090 41 53
4091 43 24
4092 27 16
4093 31 50
4094 67 34
4095 48 65
4096 30 0
4097 78 65
4098 41 0
4099 6 40
4100 46 24
4101 56 81
4102 56 72
4103 86 44
4104 45 97
4105 9 57
4106 100 43
4107 94 56
4108 67 54
4109 53 83
4110 29 3
4111 11 27
4112 47 21
4113 12 40
4114 38 21
4115 55 13
4116 75 100
4117 100 12
4118 98 13
4119 80 68
4120 66 30
4121 86 96
4122 33 32
4123 81 68
4124 76 0
4125 70 99
4126 51 36
4127 67 19
4128 90 28
4129 10 42
4130 8 2
4131 98 20
4132 51 29
4133 3 8
4134 77 96
4135 99 59
4136 78 38
4137 77 33
4138 44 93
4139 84 41
4140 43 69
4141 98 49
4142 29 19
4143 11 6
4144 97 15
4145 36 3
4146 55 24
4147 59 12
4148 62 9
4149 40 81
4150 3 64
4151 72 22
4152 5 68
4153 31 96
4154 16 33
4155 91 53
4156 50 91
4157 82 2
4158 58 48
4159 84 72
4160 17 18
4161 83 8
4162 71 78
4163 86 40
4164 87 38
4165 8 88
4166 4 27
4167 1 84
4168 38 28
4169 59 99
4170 56 5
4171 25 55
4172 57 82
4173 63 17
4174 100 47
4175 53 40
4176 81 93
4177 12 14
4178 12 18
4179 78 70
4180 23 55
4181 14 29
4182 86 11
4183 20 86
4184 14 74
4185 33 34
4186 53 57
4187 69 44
4188 86 15
4189 11 27
4190 26 11
4191 46 20
4192 43 50
4193 2 62
4194 45 20
4195 90 14
4196 72 86
4197 21 90
4198 17 14
4199 91 86
4200 79 83
4201 35 51
4202 18 85
4203 69 36
4204 45 15
4205 80 54
4206 38 12
4207 4 11
4208 9 18
4209 72 82
4210 43 20
4211 41 0
4212 14 72
4213 25 57
4214 6 49
4215 71 64
4216 69 34
4217 64 96
4218 38 68
4219 20 13
4220 50 50
4221 74 3
4222 97 14
4223 55 88
4224 60 6
4225 30 75
4226 9 87
4227 83 60
4228 58 70
4229 93 71
4230 9 34
4231 80 64
4232 3 65
4233 86 87
4234 78 85
4235 20 42
4236 20 25
4237 3 87
4238 84 74
4239 79 21
4240 0 34
4241 93 94
4242 37 93
4243 61 94
4244 46 86
4245 69 37
4246 65 16
4247 71 56
4248 95 83
4249 8 96
4250 50 35
4251 43 46
4252 25 38
4253 1 66
4254 2 23
4255 2 39
4256 67 36
4257 100 23
4258 91 73
4259 90 57
4260 8 79
4261 27 38
4262 72 33
4263 89 91
4264 93 4
4265 90 94
4266 60 22
4267 64 39
4268 14 84
4269 39 61
4270 98 93
4271 68 26
4272 27 28
4273 86 55
4274 41 12
4275 44 73
4276 99 97
4277 94 67
4278 70 59
4279 13 55
4280 36 30
4281 58 67
4282 24 64
4283 85 36
4284 31 14
4285 50 68
4286 12 32
4287 17 59
4288 22 64
4289 86 1
4290 35 100
4291 24 4
4292 39 31
4293 32 50
4294 42 20
4295 29 17
4296 51 21
4297 100 75
4298 94 8
4299 5 80
4300 80 12
4301 65 17
4302 95 59
4303 29 81
4304 78 76
4305 58 35
4306 36 19
4307 62 84
4308 61 3
4309 88 34
4310 29 19
4311 92 25
4312 67 41
4313 39 72
4314 47 48
4315 47 5
4316 1 89
4317 86 31
4318 36 36
4319 14 84
4320 2 39
4321 40 83
4322 45 89
4323 74 18
4324 89 38
4325 8 15
4326 0 50
4327 66 16
4328 18 94
4329 24 60
4330 76 61
4331 54 6
4332 26 44
4333 83 16
4334 74 52
4335 25 71
4336 24 87
4337 98 62
4338 39 28
4339 6 4
4340 55 31
4341 43 8
4342 56 86
4343 81 60
4344 64 85
4345 65 83
4346 60 75
4347 91 24
4348 28 76
4349 58 47
4350 26 42
4351 45 40
4352 10 73
4353 55 17
4354 28 93
4355 82 39
4356 13 17
4357 15 86
4358 74 63
4359 84 59
4360 1 35
4361 25 90
4362 91 62
4363 58 12
4364 26 83
4365 35 64
4366 12 23
4367 91 48
4368 73 52
4369 85 30
4370 41 54
4371 78 23
4372 31 57
4373 43 9
4374 40 99
4375 32 44
4376 84 47
4377 40 100
4378 1 76
4379 97 86
4380 8 98
4381 43 90
4382 85 91
4383 99 27
4384 68 96
4385 67 71
4386 21 96
4387 61 26
4388 76 79
4389 54 33
4390 73 95
4391 0 30
4392 31 22
4393 90 68
4394 62 14
4395 89 96
4396 10 46
4397 82 51
4398 52 96
4399 8 3
4400 81 65
4401 92 39
4402 51 74
4403 30 100
4404 24 100
4405 33 86
4406 57 88
4407 30 70
4408 31 78
4409 41 64
4410 70 65
4411 94 1
4412 54 70
4413 90 49
4414 40 63
4415 45 80
4416 89 15
4417 88 24
4418 87 45
4419 64 33
4420 79 53
4421 87 26
4422 45 51
4423 97 57
4424 30 80
4425 5 57
4426 88 63
4427 88 16
4428 21 81
4429 44 74
4430 9 41
4431 13 78
4432 91 81
4433 66 14
4434 19 25
4435 36 16
4436 73 71
4437 2 73
4438 28 27
4439 82 18
4440 1 71
4441 91 81
4442 45 36
4443 19 24
4444 87 99
4445 27 15
4446 95 45
4447 89 66
4448 84 11
4449 53 29
4450 52 94
4451 78 46
4452 89 92
4453 64 47
4454 54 37
4455 95 50
4456 11 78
4457 41 91
4458 37 32
4459 70 15
4460 22 26
4461 50 38
4462 57 50
4463 53 42
4464 87 29
4465 79 3
4466 47 34
4467 91 93
4468 72 95
4469 65 44
4470 100 58
4471 11 79
4472 0 87
4473 18 58
4474 94 20
4475 5 94
4476 31 6
4477 7 9
4478 15 68
4479 56 97
4480 21 68
4481 15 24
4482 92 50
4483 10 5
4484 62 15
4485 89 3
4486 41 46
4487 100 9
4488 10 23
4489 59 17
4490 54 19
4491 5 69
4492 67 41
4493 80 58
4494 100 31
4495 47 18
4496 100 9
4497 54 93
4498 13 27
4499 39 19
4500 31 29
4501 40 9
4502 99 71
4503 92 90
4504 62 42
4505 91 10
4506 31 39
4507 85 50
4508 16 29
4509 29 43
4510 9 9
4511 27 43
4512 1 59
4513 89 61
4514 38 14
4515 24 88
4516 59 6
4517 68 20
4518 67 20
4519 31 79
4520 73 34
4521 61 6
4522 10 87
4523 34 13
4524 28 49
4525 3 90
4526 94 21
4527 10 65
4528 90 11
4529 84 92
4530 55 4
4531 17 39
4532 86 3
4533 43 47
4534 73 79
4535 60 91
4536 74 71
4537 85 73
4538 95 44
4539 91 1
4540 55 91
4541 54 99
4542 64 89
4543 13 7
4544 44 38
4545 67 68
4546 83 30
4547 88 88
4548 78 83
4549 13 76
4550 98 38
4551 59 66
4552 84 45
4553 42 87
4554 93 3
4555 8 29
4556 66 96
4557 84 22
4558 46 89
4559 13 18
4560 83 62
4561 8 44
4562 85 83
4563 31 98
4564 54 18
4565 76 66
4566 9 21
4567 53 35
4568 73 55
4569 28 100
4570 63 62
4571 38 42
4572 43 9
4573 60 72
4574 81 79
4575 50 43
4576 23 61
4577 13 12
4578 91 75
4579 80 70
4580 41 69
4581 67 51
4582 1 86
4583 69 6
4584 23 73
4585 10 52
4586 37 30
4587 4 28
4588 60 4
4589 96 46
4590 59 9
4591 11 19
4592 92 96
4593 23 63
4594 67 7
4595 55 68
4596 78 60
4597 67 42
4598 37 9
4599 48 74
4600 55 90
4601 27 9
4602 0 76
4603 84 1
4604 56 54
4605 72 21
4606 22 52
4607 30 58
4608 35 57
4609 63 95
4610 72 19
4611 4 70
4612 67 31
4613 30 61
4614 50 74
4615 4 37
4616 49 69
4617 16 55
4618 48 45
4619 41 58
4620 81 12
4621 32 72
4622 39 42
4623 90 49
4624 72 69
4625 8 22
4626 84 76
4627 63 30
4628 60 47
4629 47 40
4630 70 70
4631 94 42
4632 97 6
4633 83 20
4634 98 1
4635 47 23
4636 6 86
4637 7 8
4638 48 28
4639 93 96
4640 94 14
4641 93 10
4642 73 59
4643 81 64
4644 87 42
4645 68 35
4646 20 44
4647 97 32
4648 16 58
4649 11 5
4650 99 8
4651 76 41
4652 95 45
4653 33 25
4654 40 80
4655 8 0
4656 37 30
4657 7 26
4658 26 63
4659 81 20
4660 98 33
4661 85 85
4662 11 79
4663 45 55
4664 27 79
4665 50 20
4666 62 8
4667 100 21
4668 56 87
4669 43 33
4670 41 94
4671 24 75
4672 37 91
4673 28 96
4674 34 4
4675 43 0
4676 88 6
4677 56 57
4678 77 57
4679 93 64
4680 35 98
4681 10 92
4682 84 62
4683 61 78
4684 15 48
4685 13 85
4686 68 54
4687 25 83
4688 4 25
4689 84 59
4690 41 87
4691 80 45
4692 65 28
4693 70 29
4694 89 93
4695 33 90
4696 30 74
4697 27 9
4698 69 86
4699 28 67
4700 46 29
4701 86 4
4702 65 71
4703 10 76
4704 20 82
4705 18 51
4706 65 72
4707 48 55
4708 66 85
4709 52 71
4710 85 56
4711 66 14
4712 38 62
4713 48 13
4714 34 73
4715 59 95
4716 97 98
4717 89 45
4718 34 8
4719 68 100
4720 50 62
4721 74 48
4722 53 40
4723 55 10
4724 10 63
4725 59 53
4726 64 20
4727 94 70
4728 95 35
4729 31 92
4730 93 35
4731 99 82
4732 84 85
4733 58 61
4734 99 83
4735 56 91
4736 80 33
4737 11 10
4738 90 89
4739 15 48
4740 6 38
4741 21 81
4742 100 82
4743 11 6
4744 76 55
4745 51 76
4746 70 48
4747 67 35
4748 21 92
4749 65 45
4750 71 39
4751 95 2
4752 43 80
4753 24 61
4754 16 37
4755 2 32
4756 91 52
4757 99 76
4758 57 64
4759 63 61
4760 38 51
4761 81 17
4762 63 79
4763 4 19
4764 42 47
4765 58 7
4766 93 64
4767 28 44
4768 45 24
4769 6 50
4770 94 71
4771 55 44
4772 0 81
4773 43 5
4774 56 70
4775 51 14
4776 91 1
4777 53 74
4778 4 18
4779 31 28
4780 18 94
4781 37 25
4782 30 20
4783 12 33
4784 69 36
4785 30 44
4786 96 57
4787 89 47
4788 13 89
4789 86 3
4790 0 75
4791 27 9
4792 83 58
4793 11 90
4794 42 27
4795 64 13
4796 33 25
4797 22 90
4798 55 58
4799 81 91
4800 67 89
4801 34 21
4802 85 19
4803 47 94
4804 38 8
4805 83 34
4806 6 3
4807 74 13
4808 47 63
4809 15 36
4810 32 91
4811 94 64
4812 10 15
4813 25 10
4814 19 60
4815 18 87
4816 48 4
4817 97 71
4818 22 95
4819 31 3
4820 18 59
4821 65 19
4822 58 98
4823 84 96
4824 52 38
4825 5 14
4826 78 97
4827 66 89
4828 0 23
4829 70 43
4830 20 70
4831 98 8
4832 70 98
4833 36 6
4834 0 71
4835 19 22
4836 44 62
4837 58 85
4838 36 27
4839 7 70
4840 13 41
4841 48 49
4842 24 40
4843 86 16
4844 84 34
4845 94 35
4846 89 4
4847 94 79
4848 59 55
4849 75 55
4850 78 42
4851 64 75
4852 76 3
4853 37 59
4854 92 2
4855 7 35
4856 78 66
4857 35 30
4858 94 62
4859 100 2
4860 99 9
4861 93 93
4862 96 30
4863 68 50
4864 13 16
4865 31 42
4866 22 60
4867 96 11
4868 62 79
4869 84 24
4870 16 38
4871 55 65
4872 53 0
4873 55 85
4874 66 63
4875 51 14
4876 51 83
4877 74 60
4878 67 40
4879 35 64
4880 4 54
4881 22 43
4882 37 16
4883 33 15
4884 2 69
4885 20 11
4886 72 60
4887 59 71
4888 55 34
4889 97 48
4890 1 36
4891 30 88
4892 68 37
4893 38 21
4894 33 80
4895 10 52
4896 58 11
4897 62 19
4898 90 0
4899 67 0
4900 95 41
4901 97 52
4902 75 35
4903 13 21
4904 1 30
4905 69 5
4906 36 14
4907 61 71
4908 92 72
4909 61 63
4910 98 38
4911 33 51
4912 18 11
4913 33 36
4914 38 45
4915 23 18
4916 32 16
4917 39 98
4918 23 59
4919 85 56
4920 54 73
4921 81 59
4922 100 6
4923 24 31
4924 77 82
4925 70 82
4926 95 79
4927 4 1
4928 63 64
4929 29 91
4930 69 63
4931 33 13
4932 11 75
4933 33 47
4934 19 60
4935 14 65
4936 91 75
4937 81 93
4938 68 59
4939 43 17
4940 41 93
4941 79 88
4942 87 68
4943 3 92
4944 24 25
4945 34 43
4946 27 41
4947 12 25
4948 36 68
4949 26 91
4950 56 72
4951 30 20
4952 83 66
4953 14 40
4954 9 10
4955 53 50
4956 55 16
4957 51 29
4958 47 91
4959 36 21
4960 6 7
4961 68 19
4962 23 74
4963 12 14
4964 11 68
4965 71 52
4966 20 87
4967 65 60
4968 16 66
4969 49 71
4970 38 31
4971 82 26
4972 17 39
4973 0 33
4974 2 63
4975 73 14
4976 98 24
4977 81 51
4978 20 14
4979 65 82
4980 36 42
4981 20 56
4982 45 48
4983 6 11
4984 23 84
4985 86 23
4986 86 76
4987 16 45
4988 21 34
4989 11 65
4990 93 13
4991 71 8
4992 85 5
4993 1 10
4994 26 76
4995 66 36
4996 56 50
4997 42 1
4998 27 13
4999 93 43
5000 77 27
5001 67 74
5002 11 73
5003 23 20
5004 40 35
5005 4 87
5006 3 69
5007 16 40
5008 53 52
5009 81 26
5010 86 89
5011 89 70
5012 18 6
5013 60 23
5014 93 99
5015 33 29
5016 51 78
5017 19 83
5018 59 36
5019 59 76
5020 1 100
5021 81 72
5022 99 6
5023 14 74
5024 47 56
5025 81 76
5026 100 92
5027 97 63
5028 8 30
5029 28 6
5030 11 26
5031 17 52
5032 67 99
5033 83 99
5034 98 24
5035 41 72
5036 21 65
5037 23 61
5038 58 69
5039 92 48
5040 68 63
5041 58 72
5042 65 56
5043 53 2
5044 14 88
5045 23 2
5046 7 35
5047 12 66
5048 100 83
5049 96 77
5050 26 51
5051 27 46
5052 21 93
5053 0 75
5054 37 21
5055 21 98
5056 77 43
5057 65 75
5058 87 67
5059 61 41
5060 38 30
5061 76 20
5062 91 77
5063 51 21
5064 37 49
5065 49 74
5066 71 80
5067 74 80
5068 61 70
5069 72 68
5070 9 43
5071 45 85
5072 25 20
5073 97 43
5074 28 11
5075 12 48
5076 52 54
5077 10 77
5078 29 73
5079 0 21
5080 53 37
5081 40 79
5082 11 13
5083 74 90
5084 4 0
5085 60 47
5086 27 3
5087 88 19
5088 35 17
5089 74 13
5090 45 75
5091 33 68
5092 24 30
5093 23 41
5094 32 84
5095 25 68
5096 77 67
5097 97 47
5098 99 65
5099 10 70
5100 9 4
5101 33 16
5102 4 99
5103 1 11
5104 32 0
5105 41 5
5106 86 25
5107 94 40
5108 22 41
5109 94 40
5110 5 49
5111 45 74
5112 42 96
5113 62 13
5114 59 8
5115 100 58
5116 56 44
5117 14 33
5118 87 8
5119 48 33
5120 31 11
5121 91 44
5122 61 1
5123 59 24
5124 51 79
5125 69 52
5126 32 44
5127 40 89
5128 50 13
5129 40 53
5130 63 37
5131 100 34
5132 75 32
5133 32 11
5134 17 27
5135 94 100
5136 79 13
5137 55 38
5138 72 71
5139 11 23
5140 44 47
5141 20 2
5142 90 16
5143 0 14
5144 35 68
5145 75 6
5146 95 41
5147 55 0
5148 93 27
5149 28 16
5150 98 64
5151 91 26
5152 30 64
5153 34 36
5154 20 68
5155 10 79
5156 50 58
5157 75 96
5158 20 62
5159 94 79
5160 58 38
5161 54 75
5162 81 64
5163 7 22
5164 65 98
5165 99 8
5166 74 56
5167 34 9
5168 98 78
5169 47 2
5170 36 77
5171 41 77
5172 45 97
5173 73 36
5174 70 15
5175 65 83
5176 61 79
5177 49 15
5178 66 59
5179 87 12
5180 48 22
5181 42 54
5182 58 83
5183 82 42
5184 72 79
5185 10 95
5186 1 15
5187 58 5
5188 6 3
5189 56 87
5190 90 72
5191 19 17
5192 98 92
5193 15 45
5194 92 99
5195 100 79
5196 51 21
5197 6 2
5198 57 55
5199 73 0
5200 37 27
5201 87 69
5202 94 89
5203 92 24
5204 49 16
5205 97 64
5206 58 20
5207 20 23
5208 64 1
5209 80 0
5210 72 37
5211 38 47
5212 77 48
5213 99 35
5214 78 67
5215 21 75
5216 1 94
5217 16 86
5218 54 89
5219 78 82
5220 19 69
5221 5 31
5222 27 64
5223 84 14
5224 68 7
5225 91 91
5226 93 89
5227 38 23
5228 39 30
5229 60 77
5230 67 24
5231 43 66
5232 50 81
5233 88 96
5234 26 29
5235 66 55
5236 86 40
5237 76 83
5238 79 41
5239 18 76
5240 63 62
5241 33 20
5242 7 17
5243 45 22
5244 72 24
5245 78 64
5246 71 89
5247 97 78
5248 19 47
5249 86 16
5250 11 9
5251 76 34
5252 10 34
5253 98 88
5254 72 66
5255 77 65
5256 74 6
5257 32 2
5258 4 8
5259 5 65
5260 90 52
5261 51 25
5262 23 6
5263 83 75
5264 65 28
5265 20 9
5266 0 84
5267 80 3
5268 98 35
5269 82 96
5270 70 29
5271 1 29
5272 79 12
5273 85 35
5274 27 67
5275 90 38
5276 47 27
5277 40 34
5278 88 85
5279 60 83
5280 32 37
5281 99 76
5282 31 100
5283 19 97
5284 98 2
5285 10 60
5286 6 80
5287 84 96
5288 23 90
5289 1 76
5290 55 99
5291 95 85
5292 59 87
5293 21 0
5294 95 40
5295 21 75
5296 99 87
5297 85 85
5298 21 7
5299 79 96
5300 69 60
5301 51 47
5302 16 75
5303 81 47
5304 72 86
5305 80 74
5306 83 59
5307 29 65
5308 38 33
5309 20 58
5310 52 92
5311 74 36
5312 75 84
5313 19 68
5314 7 25
5315 88 9
5316 23 22
5317 80 65
5318 7 73
5319 2 13
5320 17 37
5321 65 0
5322 56 6
5323 94 88
5324 8 19
5325 98 53
5326 16 90
5327 61 16
5328 31 41
5329 74 60
5330 4 22
5331 84 87
5332 77 18
5333 5 62
5334 8 7
5335 21 80
5336 58 99
5337 68 51
5338 74 85
5339 39 54
5340 22 23
5341 15 49
5342 50 43
5343 20 57
5344 26 73
5345 54 4
5346 79 14
5347 4 28
5348 42 33
5349 86 3
5350 98 70
5351 53 14
5352 82 69
5353 65 24
5354 25 1
5355 0 38
5356 79 19
5357 46 20
5358 77 13
5359 50 61
5360 11 16
5361 68 56
5362 99 64
5363 95 96
5364 70 36
5365 4 2
5366 19 12
5367 50 5
5368 47 28
5369 11 55
5370 65 48
5371 79 71
5372 23 54
5373 74 91
5374 77 87
5375 95 52
5376 39 48
5377 5 57
5378 53 74
5379 13 42
5380 54 16
5381 92 51
5382 44 7
5383 48 45
5384 80 93
5385 48 31
5386 35 27
5387 9 72
5388 67 89
5389 36 0
5390 98 37
5391 90 58
5392 79 68
5393 61 74
5394 49 13
5395 36 83
5396 45 90
5397 83 80
5398 20 53
5399 2 12
5400 96 47
5401 19 35
5402 100 47
5403 39 26
5404 75 83
5405 7 77
5406 29 57
5407 37 89
5408 40 9
5409 81 14
5410 80 99
5411 44 78
5412 76 96
5413 61 85
5414 12 76
5415 4 15
5416 8 86
5417 81 15
5418 73 65
5419 41 55
5420 51 29
5421 37 9
5422 50 64
5423 77 59
5424 60 100
5425 25 71
5426 72 2
5427 95 84
5428 31 84
5429 67 14
5430 98 18
5431 7 73
5432 10 98
5433 23 67
5434 53 86
5435 59 22
5436 89 3
5437 89 68
5438 36 53
5439 6 67
5440 22 32
5441 79 84
5442 39 30
5443 77 90
5444 81 22
5445 71 65
5446 8 46
5447 68 100
5448 98 84
5449 44 86
5450 97 98
5451 71 49
5452 58 92
5453 3 68
5454 45 62
5455 31 60
5456 15 75
5457 68 7
5458 89 16
5459 41 52
5460 5 43
5461 73 42
5462 60 20
5463 13 46
5464 46 22
5465 9 35
5466 35 11
5467 24 52
5468 15 98
5469 99 26
5470 39 33
5471 33 54
5472 46 39
5473 99 19
5474 13 74
5475 28 91
5476 49 16
5477 81 87
5478 41 98
5479 32 27
5480 45 43
5481 31 100
5482 78 14
5483 50 42
5484 97 29
5485 63 19
5486 9 53
5487 31 42
5488 55 43
5489 88 25
5490 39 54
5491 46 13
5492 8 78
5493 33 73
5494 37 94
5495 63 74
5496 64 38
5497 39 98
5498 12 21
5499 24 9
5500 11 53
5501 81 18
5502 98 64
5503 83 71
5504 22 48
5505 90 35
5506 71 71
5507 68 95
5508 63 44
5509 85 0
5510 19 94
5511 71 12
5512 1 2
5513 20 92
5514 69 95
5515 20 89
5516 92 3
5517 12 0
5518 68 7
5519 98 45
5520 60 56
5521 98 32
5522 56 50
5523 36 14
5524 67 26
5525 36 25
5526 8 99
5527 42 8
5528 71 22
5529 58 67
5530 57 60
5531 17 33
5532 41 13
5533 38 92
5534 2 74
5535 26 79
5536 39 18
5537 21 20
5538 31 5
5539 33 44
5540 11 22
5541 15 21
5542 50 48
5543 66 77
5544 100 13
5545 38 76
5546 57 20
5547 76 55
5548 35 35
5549 45 33
5550 97 4
5551 22 13
5552 60 5
5553 0 74
5554 70 89
5555 63 91
5556 51 18
5557 29 78
5558 76 46
5559 28 87
5560 60 29
5561 26 98
5562 6 43
5563 98 93
5564 68 61
5565 27 55
5566 59 74
5567 11 56
5568 42 36
5569 0 15
5570 49 15
5571 44 74
5572 46 85
5573 45 17
5574 29 23
5575 5 39
5576 62 35
5577 27 59
5578 82 72
5579 14 61
5580 74 77
5581 4 61
5582 55 13
5583 40 86
5584 98 68
5585 11 70
5586 37 75
5587 68 20
5588 51 70
5589 89 27
5590 80 95
5591 13 97
5592 57 31
5593 62 63
5594 49 17
5595 51 22
5596 0 10
5597 51 92
5598 95 84
5599 19 9
5600 91 15
5601 45 22
5602 17 16
5603 59 84
5604 14 84
5605 15 70
5606 70 53
5607 72 72
5608 43 77
5609 18 21
5610 22 87
5611 80 66
5612 21 60
5613 37 19
5614 91 33
5615 93 78
5616 42 79
5617 4 78
5618 93 89
5619 49 26
5620 7 62
5621 92 3
5622 97 26
5623 82 62
5624 52 30
5625 36 43
5626 83 99
5627 56 79
5628 35 6
5629 65 89
5630 34 92
5631 38 86
5632 38 74
5633 47 86
5634 5 38
5635 90 5
5636 75 30
5637 66 53
5638 86 24
5639 99 67
5640 59 89
5641 20 84
5642 83 39
5643 89 12
5644 80 11
5645 85 1
5646 86 81
5647 38 22
5648 49 34
5649 66 15
5650 30 3
5651 53 40
5652 5 60
5653 15 93
5654 73 51
5655 84 20
5656 41 36
5657 67 22
5658 3 25
5659 30 70
5660 69 23
5661 14 95
5662 85 3
5663 11 53
5664 35 74
5665 78 8
5666 73 37
5667 2 10
5668 93 91
5669 4 29
5670 28 81
5671 10 22
5672 47 78
5673 96 26
5674 0 33
5675 19 3
5676 68 87
5677 50 29
5678 65 63
5679 76 9
5680 34 44
5681 46 84
5682 17 20
5683 88 31
5684 45 90
5685 9 90
5686 40 44
5687 70 56
5688 36 90
5689 48 44
5690 85 62
5691 62 96
5692 61 16
5693 98 44
5694 40 42
5695 44 59
5696 38 80
5697 98 69
5698 18 3
5699 24 53
5700 50 25
5701 12 64
5702 64 85
5703 85 57
5704 33 71
5705 1 93
5706 56 61
5707 51 39
5708 85 55
5709 37 80
5710 5 47
5711 45 23
5712 11 93
5713 20 65
5714 17 34
5715 14 64
5716 13 83
5717 52 99
5718 46 50
5719 66 35
5720 88 53
5721 38 16
5722 19 87
5723 25 35
5724 11 41
5725 54 65
5726 37 97
5727 40 61
5728 1 55
5729 83 68
5730 94 89
5731 5 62
5732 54 98
5733 62 31
5734 63 48
5735 75 42
5736 46 96
5737 93 18
5738 89 25
5739 88 91
5740 28 93
5741 17 94
5742 13 71
5743 65 11
5744 64 37
5745 79 40
5746 86 84
5747 27 95
5748 11 39
5749 4 19
5750 53 79
5751 85 52
5752 78 82
5753 25 14
5754 52 62
5755 85 31
5756 68 29
5757 94 35
5758 24 62
5759 52 85
5760 96 99
5761 60 75
5762 66 94
5763 24 78
5764 71 28
5765 91 18
5766 60 64
5767 5 36
5768 37 31
5769 0 44
5770 68 73
5771 70 21
5772 84 38
5773 6 6
5774 60 70
5775 56 3
5776 47 87
5777 86 40
5778 39 46
5779 60 37
5780 35 72
5781 19 68
5782 1 56
5783 12 36
5784 37 57
5785 86 44
5786 86 47
5787 9 94
5788 62 71
5789 85 64
5790 4 49
5791 45 61
5792 14 35
5793 60 7
5794 65 98
5795 25 4
5796 23 82
5797 82 92
5798 63 58
5799 85 84
5800 93 93
5801 41 42
5802 44 26
5803 55 91
5804 92 23
5805 100 73
5806 56 79
5807 87 54
5808 83 57
5809 12 48
5810 24 82
5811 77 73
5812 20 51
5813 79 33
5814 5 43
5815 36 17
5816 69 9
5817 71 1
5818 57 46
5819 59 62
5820 69 29
5821 69 95
5822 56 3
5823 17 48
5824 66 43
5825 75 8
5826 67 96
5827 64 94
5828 42 64
5829 57 63
5830 66 50
5831 21 62
5832 0 87
5833 87 8
5834 90 24
5835 38 51
5836 10 97
5837 26 86
5838 51 58
5839 99 44
5840 80 72
5841 62 43
5842 7 76
5843 70 79
5844 88 53
5845 65 11
5846 9 91
5847 67 6
5848 26 80
5849 56 6
5850 63 39
5851 94 78
5852 73 81
5853 35 78
5854 30 57
5855 10 62
5856 28 51
5857 19 27
5858 9 7
5859 45 71
5860 57 87
5861 30 35
5862 13 15
5863 7 14
5864 20 60
5865 32 98
5866 7 11
5867 81 99
5868 83 87
5869 80 73
5870 87 67
5871 49 2
5872 64 53
5873 14 44
5874 27 9
5875 82 37
5876 15 39
5877 29 93
5878 50 53
5879 24 28
5880 67 90
5881 63 47
5882 4 26
5883 17 88
5884 24 49
5885 91 68
5886 28 15
5887 83 29
5888 61 15
5889 4 10
5890 1 93
5891 9 61
5892 93 58
5893 90 73
5894 32 85
5895 63 67
5896 59 57
5897 38 23
5898 17 62
5899 10 44
5900 4 7
5901 33 7
5902 15 75
5903 67 50
5904 11 16
5905 98 89
5906 60 4
5907 69 21
5908 7 94
5909 22 31
5910 84 60
5911 50 65
5912 60 69
5913 31 53
5914 84 24
5915 34 13
5916 13 84
5917 6 81
5918 45 55
5919 41 13
5920 13 77
5921 73 65
5922 60 38
5923 94 84
5924 42 8
5925 90 30
5926 33 71
5927 91 77
5928 84 30
5929 27 43
5930 89 43
5931 8 4
5932 80 25
5933 48 81
5934 86 53
5935 42 27
5936 89 53
5937 55 3
5938 84 0
5939 76 32
5940 54 4
5941 30 45
5942 12 35
5943 76 13
5944 11 51
5945 40 75
5946 41 15
5947 64 14
5948 60 3
5949 59 37
5950 66 100
5951 57 80
5952 71 27
5953 1 42
5954 46 3
5955 70 32
5956 91 37
5957 74 3
5958 12 13
5959 78 7
5960 65 76
5961 90 23
5962 43 49
5963 69 43
5964 41 78
5965 96 10
5966 3 100
5967 2 48
5968 44 85
5969 89 31
5970 82 84
5971 93 78
5972 86 94
5973 94 87
5974 99 38
5975 18 50
5976 43 55
5977 7 32
5978 83 31
5979 55 8
5980 94 49
5981 32 99
5982 96 84
5983 27 30
5984 22 92
5985 86 24
5986 47 18
5987 90 33
5988 70 2
5989 17 88
5990 8 34
5991 2 25
5992 32 1
5993 86 97
5994 75 25
5995 19 43
5996 5 83
5997 51 28
5998 31 81
5999 41 25
6000 66 34
6001 72 91
6002 21 53
6003 98 92
6004 57 47
6005 56 76
6006 64 25
6007 97 91
6008 63 7
6009 0 46
6010 53 80
6011 51 36
6012 52 78
6013 9 32
6014 11 40
6015 60 68
6016 63 53
6017 82 94
6018 23 73
6019 8 99
6020 90 41
6021 32 66
6022 59 3
6023 0 70
6024 91 69
6025 50 57
6026 79 5
6027 35 70
6028 89 47
6029 14 19
6030 87 99
6031 74 10
6032 40 9
6033 30 34
6034 9 94
6035 19 91
6036 55 78
6037 46 78
6038 77 34
6039 70 39
6040 24 21
6041 20 44
6042 93 57
6043 67 45
6044 65 82
6045 10 12
6046 70 83
6047 6 75
6048 72 66
6049 36 67
6050 94 100
6051 12 70
6052 74 6
6053 83 18
6054 62 32
6055 74 57
6056 59 21
6057 31 56
6058 69 13
6059 98 60
6060 70 41
6061 81 17
6062 68 35
6063 19 63
6064 78 10
6065 51 36
6066 53 75
6067 57 7
6068 100 85
6069 44 40
6070 16 0
6071 69 72
6072 50 7
6073 16 25
6074 64 83
6075 51 6
6076 72 33
6077 25 41
6078 54 78
6079 1 97
6080 95 100
6081 45 34
6082 81 67
6083 0 58
6084 60 64
6085 19 72
6086 35 23
6087 24 47
6088 83 20
6089 96 44
6090 95 20
6091 69 81
6092 27 17
6093 62 82
6094 12 79
6095 78 32
6096 9 68
6097 40 11
6098 61 9
6099 42 15
6100 3 73
6101 39 61
6102 91 100
6103 46 99
6104 14 77
6105 56 33
6106 9 23
6107 13 1
6108 8 91
6109 44 33
6110 34 16
6111 91 21
6112 35 11
6113 47 54
6114 1 14
6115 32 13
6116 99 89
6117 70 79
6118 22 18
6119 36 95
6120 25 17
6121 69 96
6122 61 63
6123 37 60
6124 87 0
6125 16 54
6126 85 9
6127 60 51
6128 90 95
6129 97 83
6130 22 98
6131 9 87
6132 82 84
6133 19 32
6134 98 18
6135 97 37
6136 0 6
6137 99 15
6138 71 4
6139 43 26
6140 28 54
6141 20 40
6142 60 32
6143 33 71
6144 48 28
6145 79 94
6146 93 39
6147 89 56
6148 6 90
6149 38 41
6150 98 79
6151 34 75
6152 64 36
6153 36 94
6154 9 4
6155 24 20
6156 90 64
6157 18 96
6158 21 56
6159 47 84
6160 88 52
6161 65 25
6162 29 97
6163 19 45
6164 56 25
6165 92 53
6166 20 75
6167 30 89
6168 47 13
6169 56 43
6170 81 52
6171 79 87
6172 31 9
6173 79 11
6174 1 95
6175 6 5
6176 66 5
6177 72 34
6178 71 82
6179 11 29
6180 26 85
6181 9 97
6182 47 87
6183 58 80
6184 35 52
6185 13 60
6186 63 76
6187 99 71
6188 16 35
6189 22 21
6190 2 68
6191 71 55
6192 46 72
6193 40 14
6194 69 62
6195 77 62
6196 97 60
6197 53 1
6198 42 30
6199 44 71
6200 47 81
6201 9 90
6202 24 72
6203 85 8
6204 44 43
6205 70 85
6206 53 94
6207 40 12
6208 74 34
6209 4 50
6210 84 95
6211 25 65
6212 44 12
6213 45 10
6214 59 4
6215 33 63
6216 85 86
6217 100 13
6218 94 50
6219 72 27
6220 96 97
6221 28 6
6222 12 32
6223 53 81
6224 61 89
6225 46 75
6226 85 55
6227 34 49
6228 13 50
6229 35 87
6230 30 21
6231 49 6
6232 37 41
6233 23 55
6234 76 99
6235 79 55
6236 82 55
6237 95 30
6238 74 31
6239 9 36
6240 22 71
6241 27 94
6242 64 29
6243 69 64
6244 47 48
6245 34 50
6246 18 83
6247 46 4
6248 16 41
6249 62 47
6250 94 73
6251 22 100
6252 37 39
6253 34 10
6254 95 39
6255 100 62
6256 18 84
6257 84 0
6258 19 88
6259 25 44
6260 89 70
6261 38 0
6262 30 30
6263 81 37
6264 66 63
6265 40 15
6266 23 88
6267 71 56
6268 100 74
6269 4 30
6270 70 91
6271 21 42
6272 43 43
6273 71 25
6274 37 43
6275 72 5
6276 68 23
6277 7 71
6278 71 71
6279 5 7
6280 100 81
6281 52 28
6282 82 8
6283 34 87
6284 45 84
6285 67 31
6286 12 98
6287 86 28
6288 81 24
6289 6 80
6290 92 4
6291 94 18
6292 99 61
6293 71 39
6294 77 77
6295 32 8
6296 45 55
6297 27 18
6298 79 61
6299 57 6
6300 89 86
6301 51 46
6302 98 90
6303 27 5
6304 66 30
6305 88 68
6306 12 100
6307 2 69
6308 5 40
6309 43 100
6310 91 97
6311 43 73
6312 5 99
6313 61 43
6314 76 37
6315 43 67
6316 96 73
6317 45 10
6318 83 32
6319 40 56
6320 91 38
6321 6 81
6322 87 7
6323 50 14
6324 58 38
6325 91 7
6326 64 40
6327 87 32
6328 79 63
6329 36 39
6330 10 25
6331 82 93
6332 71 72
6333 14 18
6334 17 49
6335 20 59
6336 41 4
6337 91 32
6338 53 0
6339 98 36
6340 26 99
6341 5 66
6342 20 42
6343 59 87
6344 44 88
6345 55 84
6346 81 82
6347 25 57
6348 8 32
6349 100 22
6350 54 81
6351 66 52
6352 2 92
6353 65 53
6354 0 99
6355 18 94
6356 33 8
6357 99 99
6358 5 29
6359 70 52
6360 8 65
6361 0 9
6362 42 87
6363 52 0
6364 81 43
6365 22 30
6366 78 95
6367 27 76
6368 94 25
6369 45 56
6370 49 18
6371 35 82
6372 5 97
6373 40 57
6374 86 40
6375 5 8
6376 23 73
6377 5 34
6378 1 30
6379 77 23
6380 35 55
6381 86 90
6382 24 8
6383 20 14
6384 39 26
6385 56 13
6386 40 51
6387 93 60
6388 43 84
6389 35 63
6390 0 38
6391 43 47
6392 23 53
6393 43 2
6394 31 45
6395 33 84
6396 97 54
6397 79 11
6398 78 21
6399 62 11
6400 24 32
6401 3 76
6402 44 5
6403 3 28
6404 41 89
6405 85 26
6406 41 6
6407 38 8
6408 40 10
6409 48 89
6410 67 8
6411 74 53
6412 56 50
6413 95 83
6414 15 0
6415 0 21
6416 35 42
6417 59 13
6418 3 33
6419 56 49
6420 97 79
6421 68 10
6422 75 32
6423 13 84
6424 24 26
6425 91 90
6426 6 85
6427 24 94
6428 42 76
6429 12 67
6430 69 73
6431 53 77
6432 94 35
6433 45 14
6434 96 70
6435 79 95
6436 11 90
6437 32 50
6438 6 9
6439 73 91
6440 31 10
6441 72 94
6442 10 24
6443 11 84
6444 84 16
6445 98 34
6446 40 77
6447 100 32
6448 75 62
6449 44 25
6450 62 30
6451 56 88
6452 70 8
6453 76 75
6454 53 12
6455 86 14
6456 78 38
6457 20 80
6458 92 81
6459 14 86
6460 60 99
6461 71 27
6462 67 74
6463 60 9
6464 70 9
6465 14 76
6466 75 96
6467 57 16
6468 21 62
6469 95 82
6470 43 48
6471 88 100
6472 61 54
6473 63 14
6474 52 53
6475 17 30
6476 89 34
6477 78 90
6478 98 14
6479 40 50
6480 25 76
6481 88 48
6482 77 96
6483 96 16
6484 68 61
6485 65 86
6486 98 88
6487 65 86
6488 62 78
6489 97 46
6490 82 74
6491 29 82
6492 32 46
6493 20 32
6494 14 45
6495 38 69
6496 20 67
6497 58 18
6498 19 90
6499 64 4
6500 99 45
6501 25 41
6502 23 29
6503 60 95
6504 52 12
6505 30 14
6506 69 99
6507 78 14
6508 1 9
6509 29 1
6510 58 49
6511 16 61
6512 98 24
6513 66 21
6514 86 57
6515 69 29
6516 82 81
6517 90 95
6518 100 25
6519 78 7
6520 67 99
6521 33 95
6522 9 60
6523 34 69
6524 32 70
6525 84 78
6526 8 68
6527 94 13
6528 18 36
6529 11 59
6530 26 3
6531 91 5
6532 5 61
6533 48 69
6534 73 17
6535 73 51
6536 87 58
6537 3 85
6538 85 9
6539 29 61
6540 86 60
6541 3 44
6542 97 30
6543 37 35
6544 29 95
6545 4 16
6546 88 95
6547 11 31
6548 86 64
6549 11 1
6550 20 42
6551 69 57
6552 91 12
6553 41 72
6554 39 20
6555 41 9
6556 61 71
6557 36 34
6558 98 30
6559 66 44
6560 20 71
6561 39 100
6562 88 84
6563 88 44
6564 21 92
6565 17 94
6566 85 91
6567 87 34
6568 22 22
6569 95 61
6570 50 99
6571 23 15
6572 76 44
6573 43 45
6574 90 33
6575 70 1
6576 55 1
6577 92 5
6578 87 53
6579 42 89
6580 4 81
6581 30 39
6582 73 7
6583 46 25
6584 59 71
6585 80 42
6586 67 18
6587 98 77
6588 70 77
6589 9 0
6590 93 7
6591 10 46
6592 87 58
6593 1 74
6594 63 94
6595 7 3
6596 9 65
6597 63 7
6598 12 42
6599 50 28
6600 88 87
6601 65 20
6602 87 42
6603 10 67
6604 37 11
6605 44 91
6606 1 79
6607 53 45
6608 1 53
6609 31 24
6610 82 24
6611 28 92
6612 59 72
6613 4 88
6614 7 64
6615 53 87
6616 63 94
6617 27 65
6618 9 35
6619 23 4
6620 83 74
6621 3 100
6622 26 12
6623 96 2
6624 61 39
6625 36 16
6626 94 76
6627 36 79
6628 94 79
6629 98 74
6630 75 92
6631 91 42
6632 95 97
6633 86 5
6634 83 33
6635 2 15
6636 8 77
6637 82 97
6638 91 90
6639 50 19
6640 23 37
6641 30 39
6642 4 38
6643 55 78
6644 56 5
6645 17 86
6646 36 2
6647 31 62
6648 77 19
6649 63 47
6650 12 35
6651 3 68
6652 86 58
6653 47 2
6654 36 88
6655 43 98
6656 81 39
6657 12 23
6658 60 37
6659 7 19
6660 35 58
6661 87 0
6662 19 49
6663 76 76
6664 9 33
6665 73 12
6666 55 85
6667 8 2
6668 71 57
6669 73 99
6670 39 9
6671 14 46
6672 28 36
6673 63 2
6674 29 22
6675 45 91
6676 87 39
6677 36 35
6678 89 49
6679 42 39
6680 47 23
6681 92 68
6682 99 2
6683 48 92
6684 58 30
6685 81 40
6686 66 94
6687 7 13
6688 15 5
6689 57 63
6690 72 39
6691 20 30
6692 99 77
6693 37 67
6694 6 100
6695 64 31
6696 36 65
6697 65 70
6698 69 73
6699 85 17
6700 77 16
6701 10 53
6702 4 72
6703 26 96
6704 73 83
6705 4 71
6706 67 64
6707 28 25
6708 98 89
6709 86 46
6710 50 70
6711 21 91
6712 71 48
6713 37 78
6714 24 95
6715 91 12
6716 42 12
6717 79 23
6718 26 39
6719 63 47
6720 97 96
6721 5 37
6722 80 91
6723 17 8
6724 84 12
6725 64 27
6726 78 81
6727 4 22
6728 64 10
6729 9 56
6730 9 91
6731 28 39
6732 3 35
6733 76 14
6734 31 3
6735 12 92
6736 56 94
6737 22 12
6738 100 61
6739 94 0
6740 7 91
6741 28 65
6742 47 66
6743 6 46
6744 20 75
6745 42 74
6746 36 88
6747 22 56
6748 16 91
6749 17 96
6750 24 83
6751 8 99
6752 79 18
6753 44 73
6754 66 21
6755 61 65
6756 84 69
6757 46 70
6758 10 41
6759 55 90
6760 54 95
6761 15 70
6762 41 100
6763 47 76
6764 54 38
6765 28 18
6766 2 23
6767 99 48
6768 23 78
6769 28 89
6770 52 68
6771 62 92
6772 17 46
6773 31 0
6774 25 17
6775 23 55
6776 74 58
6777 100 81
6778 74 72
6779 36 62
6780 30 8
6781 63 74
6782 47 70
6783 80 85
6784 50 36
6785 87 52
6786 74 65
6787 6 44
6788 11 54
6789 32 97
6790 36 92
6791 96 43
6792 60 4
6793 88 38
6794 53 26
6795 9 4
6796 56 66
6797 16 55
6798 54 78
6799 52 28
6800 12 0
6801 97 42
6802 17 80
6803 15 73
6804 98 39
6805 62 31
6806 63 34
6807 57 14
6808 20 15
6809 85 38
6810 55 0
6811 42 57
6812 68 7
6813 70 57
6814 84 27
6815 49 12
6816 23 72
6817 93 30
6818 80 27
6819 5 55
6820 66 90
6821 97 39
6822 1 71
6823 23 35
6824 17 89
6825 14 10
6826 68 49
6827 3 40
6828 80 82
6829 62 71
6830 37 0
6831 69 6
6832 9 31
6833 97 91
6834 10 77
6835 32 77
6836 26 37
6837 7 12
6838 85 61
6839 80 6
6840 83 27
6841 49 45
6842 90 32
6843 53 98
6844 9 12
6845 0 0
6846 55 98
6847 84 22
6848 24 63
6849 76 27
6850 93 15
6851 26 51
6852 85 89
6853 48 85
6854 26 28
6855 79 85
6856 39 95
6857 92 24
6858 58 38
6859 63 0
6860 49 50
6861 81 58
6862 85 59
6863 47 61
6864 82 16
6865 53 49
6866 80 21
6867 19 45
6868 70 36
6869 71 65
6870 94 1
6871 90 19
6872 2 49
6873 40 73
6874 80 9
6875 0 60
6876 64 79
6877 66 63
6878 33 49
6879 55 1
6880 65 62
6881 41 94
6882 73 96
6883 51 73
6884 18 56
6885 0 88
6886 93 17
6887 51 76
6888 27 16
6889 16 36
6890 43 59
6891 11 1
6892 39 96
6893 44 56
6894 62 31
6895 23 30
6896 18 36
6897 71 60
6898 47 94
6899 6 49
6900 88 43
6901 69 46
6902 40 98
6903 31 70
6904 35 74
6905 7 100
6906 13 72
6907 12 84
6908 49 3
6909 37 6
6910 55 74
6911 54 86
6912 15 90
6913 86 55
6914 56 8
6915 9 37
6916 9 99
6917 98 80
6918 34 79
6919 83 73
6920 96 61
6921 81 7
6922 84 12
6923 84 70
6924 17 31
6925 83 37
6926 10 81
6927 45 37
6928 57 91
6929 79 99
6930 76 25
6931 96 4
6932 53 97
6933 95 36
6934 36 53
6935 17 44
6936 58 34
6937 75 26
6938 8 21
6939 93 62
6940 8 71
6941 61 64
6942 86 29
6943 59 46
6944 26 80
6945 98 2
6946 33 97
6947 74 39
6948 95 40
6949 88 43
6950 41 24
6951 65 43
6952 85 61
6953 15 10
6954 55 72
6955 32 71
6956 59 92
6957 30 52
6958 23 69
6959 0 2
6960 71 64
6961 45 46
6962 19 85
6963 64 62
6964 19 42
6965 58 86
6966 49 16
6967 63 67
6968 69 11
6969 96 89
6970 100 42
6971 11 72
6972 10 32
6973 19 24
6974 17 64
6975 8 54
6976 28 29
6977 51 12
6978 21 67
6979 32 72
6980 20 68
6981 74 58
6982 55 15
6983 93 52
6984 86 63
6985 9 2
6986 40 47
6987 1 48
6988 39 43
6989 7 55
6990 60 85
6991 43 72
6992 18 45
6993 42 86
6994 88 8
6995 50 59
6996 10 68
6997 23 88
6998 29 9
6999 88 64
7000 3 4
7001 18 21
7002 5 12
7003 15 54
7004 68 55
7005 15 86
7006 41 45
7007 30 42
7008 39 71
7009 85 84
7010 99 72
7011 44 66
7012 14 70
7013 72 15
7014 49 91
7015 96 30
7016 28 67
7017 73 55
7018 22 79
7019 69 94
7020 96 85
7021 37 91
7022 0 4
7023 32 48
7024 12 65
7025 52 99
7026 81 55
7027 78 52
7028 35 43
7029 74 34
7030 7 24
7031 73 84
7032 15 92
7033 81 12
7034 56 0
7035 12 70
7036 67 60
7037 88 94
7038 94 18
7039 75 86
7040 2 86
7041 53 13
7042 95 60
7043 46 58
7044 32 78
7045 6 75
7046 12 91
7047 71 46
7048 33 11
7049 29 43
7050 57 9
7051 86 23
7052 90 59
7053 68 37
7054 78 8
7055 50 41
7056 59 83
7057 87 27
7058 63 69
7059 37 78
7060 88 67
7061 87 4
7062 83 9
7063 22 85
7064 31 61
7065 93 78
7066 33 69
7067 54 32
7068 21 72
7069 46 67
7070 82 77
7071 30 91
7072 37 40
7073 98 2
7074 72 20
7075 36 79
7076 8 16
7077 93 20
7078 22 18
7079 70 42
7080 39 55
7081 5 38
7082 87 60
7083 96 50
7084 50 35
7085 86 70
7086 12 74
7087 75 73
7088 62 44
7089 32 2
7090 3 48
7091 66 0
7092 65 71
7093 26 16
7094 91 28
7095 63 39
7096 87 68
7097 82 49
7098 59 24
7099 33 44
7100 93 73
7101 45 77
7102 25 39
7103 41 79
7104 42 16
7105 2 29
7106 63 43
7107 92 7
7108 8 74
7109 84 57
7110 28 25
7111 56 39
7112 42 9
7113 78 78
7114 52 74
7115 40 95
7116 5 80
7117 31 14
7118 100 62
7119 13 29
7120 73 43
7121 9 37
7122 97 35
7123 10 10
7124 91 93
7125 98 21
7126 57 87
7127 46 99
7128 49 34
7129 36 28
7130 67 89
7131 23 93
7132 34 48
7133 75 65
7134 19 39
7135 67 30
7136 67 43
7137 56 42
7138 67 39
7139 86 97
7140 56 93
7141 75 40
7142 36 90
7143 62 70
7144 25 73
7145 70 81
7146 98 15
7147 96 93
7148 51 48
7149 30 40
7150 8 50
7151 16 36
7152 90 28
7153 64 47
7154 50 24
7155 53 4
7156 3 42
7157 25 71
7158 56 90
7159 29 68
7160 39 27
7161 92 69
7162 37 4
7163 75 75
7164 5 91
7165 37 99
7166 61 53
7167 98 13
7168 8 41
7169 25 1
7170 59 83
7171 80 15
7172 35 70
7173 20 81
7174 26 99
7175 0 93
7176 56 70
7177 50 31
7178 7 28
7179 44 74
7180 93 42
7181 65 14
7182 24 45
7183 26 98
7184 5 33
7185 46 74
7186 78 47
7187 21 63
7188 36 27
7189 8 91
7190 99 3
7191 42 96
7192 75 52
7193 9 9
7194 87 51
7195 49 53
7196 20 85
7197 57 15
7198 9 74
7199 37 3
7200 87 58
7201 30 80
7202 60 42
7203 23 87
7204 92 18
7205 93 15
7206 27 96
7207 3 28
7208 46 62
7209 8 65
7210 77 78
7211 96 72
7212 7 36
7213 39 87
7214 9 73
7215 36 74
7216 81 9
7217 19 6
7218 100 69
7219 57 2
7220 82 34
7221 83 34
7222 50 7
7223 75 100
7224 21 61
7225 97 88
7226 61 35
7227 34 58
7228 55 12
7229 30 24
7230 35 11
7231 98 59
7232 79 41
7233 85 58
7234 73 53
7235 58 62
7236 51 8
7237 12 64
7238 6 99
7239 72 41
7240 93 38
7241 44 90
7242 95 28
7243 9 74
7244 15 10
7245 7 26
7246 49 43
7247 20 38
7248 34 74
7249 84 16
7250 11 8
7251 29 61
7252 27 39
7253 4 27
7254 1 97
7255 68 16
7256 42 5
7257 93 49
7258 69 41
7259 44 18
7260 95 12
7261 21 86
7262 17 72
7263 3 44
7264 50 21
7265 30 70
7266 53 12
7267 77 33
7268 39 60
7269 4 77
7270 63 30
7271 9 54
7272 2 28
7273 72 38
7274 87 62
7275 94 32
7276 0 75
7277 0 8
7278 8 35
7279 3 96
7280 46 10
7281 66 4
7282 85 64
7283 16 54
7284 63 14
7285 98 74
7286 32 5
7287 57 14
7288 24 84
7289 92 60
7290 7 17
7291 45 56
7292 99 44
7293 15 89
7294 70 94
7295 12 19
7296 41 49
7297 31 33
7298 13 41
7299 89 96
7300 95 73
7301 28 77
7302 80 78
7303 43 88
7304 37 86
7305 54 88
7306 58 98
7307 34 97
7308 72 5
7309 36 65
7310 54 73
7311 9 100
7312 94 45
7313 98 11
7314 72 2
7315 87 56
7316 27 87
7317 3 19
7318 79 94
7319 45 85
7320 65 33
7321 95 89
7322 16 78
7323 46 87
7324 78 28
7325 63 91
7326 0 84
7327 85 100
7328 18 73
7329 100 46
7330 59 46
7331 81 71
7332 6 39
7333 51 43
7334 30 50
7335 4 58
7336 4 84
7337 58 10
7338 74 29
7339 76 64
7340 46 93
7341 78 77
7342 55 44
7343 38 72
7344 34 68
7345 90 15
7346 1 72
7347 99 24
7348 14 58
7349 22 62
7350 78 67
7351 85 57
7352 65 74
7353 1 49
7354 1 93
7355 60 57
7356 39 73
7357 83 9
7358 8 0
7359 6 62
7360 94 6
7361 24 32
7362 82 30
7363 95 29
7364 36 42
7365 74 6
7366 56 15
7367 96 90
7368 53 99
7369 56 24
7370 91 38
7371 41 39
7372 44 29
7373 14 10
7374 48 55
7375 44 71
7376 25 96
7377 33 14
7378 28 37
7379 65 99
7380 10 57
7381 58 42
7382 69 64
7383 7 38
7384 10 13
7385 34 47
7386 42 64
7387 20 10
7388 95 17
7389 35 87
7390 43 21
7391 25 77
7392 5 59
7393 29 13
7394 47 27
7395 61 45
7396 49 67
7397 27 46
7398 40 18
7399 88 61
7400 81 49
7401 56 43
7402 70 33
7403 17 87
7404 20 7
7405 52 52
7406 97 39
7407 57 24
7408 35 15
7409 16 72
7410 20 74
7411 57 53
7412 11 33
7413 49 56
7414 75 55
7415 80 19
7416 88 72
7417 47 23
7418 57 78
7419 4 43
7420 100 74
7421 55 33
7422 63 76
7423 0 85
7424 22 53
7425 86 47
7426 94 30
7427 52 68
7428 63 28
7429 45 18
7430 75 32
7431 67 51
7432 14 90
7433 68 97
7434 98 83
7435 25 71
7436 69 71
7437 71 16
7438 89 13
7439 78 5
7440 72 37
7441 89 80
7442 84 91
7443 96 21
7444 40 10
7445 70 40
7446 81 84
7447 38 96
7448 56 3
7449 55 9
7450 55 91
7451 22 47
7452 81 74
7453 93 60
7454 30 98
7455 69 93
7456 16 98
7457 64 43
7458 44 48
7459 98 65
7460 26 45
7461 33 27
7462 15 89
7463 19 35
7464 46 67
7465 90 60
7466 36 69
7467 69 7
7468 93 4
7469 53 31
7470 90 30
7471 27 70
7472 67 78
7473 75 44
7474 96 46
7475 12 99
7476 16 59
7477 56 58
7478 67 13
7479 17 7
7480 72 60
7481 90 83
7482 65 23
7483 35 0
7484 79 3
7485 2 83
7486 93 14
7487 40 77
7488 80 39
7489 83 5
7490 19 47
7491 59 34
7492 13 74
7493 80 40
7494 66 64
7495 18 31
7496 89 38
7497 13 36
7498 57 35
7499 45 11
7500 60 45
7501 2 91
7502 50 68
7503 51 7
7504 38 73
7505 83 21
7506 63 40
7507 72 88
7508 11 24
7509 9 51
7510 76 64
7511 26 48
7512 97 48
7513 30 8
7514 2 15
7515 14 62
7516 58 5
7517 91 95
7518 55 97
7519 36 91
7520 78 6
7521 4 21
7522 57 99
7523 79 89
7524 77 83
7525 67 99
7526 49 15
7527 77 39
7528 66 26
7529 74 78
7530 54 37
7531 50 44
7532 86 51
7533 68 100
7534 36 73
7535 23 9
7536 8 70
7537 69 80
7538 44 43
7539 67 23
7540 62 80
7541 98 100
7542 98 1
7543 12 14
7544 16 43
7545 52 64
7546 25 10
7547 84 13
7548 57 49
7549 96 45
7550 9 15
7551 46 94
7552 37 93
7553 50 12
7554 91 11
7555 11 83
7556 6 83
7557 25 81
7558 33 72
7559 39 32
7560 40 9
7561 79 88
7562 74 78
7563 84 31
7564 87 62
7565 19 39
7566 56 39
7567 96 81
7568 51 60
7569 10 71
7570 58 84
7571 49 5
7572 72 61
7573 11 2
7574 81 93
7575 61 20
7576 94 65
7577 9 88
7578 22 5
7579 28 33
7580 98 92
7581 65 59
7582 33 11
7583 54 83
7584 61 70
7585 35 51
7586 30 70
7587 84 32
7588 40 24
7589 21 25
7590 47 57
7591 5 29
7592 40 77
7593 13 79
7594 50 76
7595 8 28
7596 68 24
7597 57 18
7598 66 50
7599 83 69
7600 5 34
7601 18 8
7602 91 64
7603 62 29
7604 42 100
7605 9 16
7606 95 58
7607 81 39
7608 34 66
7609 37 47
7610 100 15
7611 98 9
7612 0 30
7613 57 0
7614 80 17
7615 66 45
7616 31 34
7617 75 82
7618 30 11
7619 0 6
7620 88 76
7621 95 67
7622 21 18
7623 55 51
7624 33 4
7625 25 97
7626 10 19
7627 61 48
7628 12 96
7629 95 86
7630 11 9
7631 91 37
7632 52 58
7633 62 100
7634 22 6
7635 8 85
7636 96 87
7637 68 21
7638 10 25
7639 70 27
7640 26 28
7641 17 26
7642 54 96
7643 22 40
7644 71 45
7645 91 82
7646 87 93
7647 61 24
7648 77 66
7649 8 80
7650 10 47
7651 31 8
7652 79 47
7653 93 28
7654 31 69
7655 1 69
7656 41 92
7657 49 65
7658 17 93
7659 66 75
7660 17 88
7661 38 1
7662 71 31
7663 67 36
7664 66 34
7665 42 57
7666 97 29
7667 90 56
7668 23 29
7669 69 31
7670 68 72
7671 34 36
7672 20 66
7673 48 68
7674 17 95
7675 19 8
7676 65 7
7677 27 76
7678 36 40
7679 86 25
7680 8 2
7681 19 38
7682 23 57
7683 19 35
7684 99 69
7685 22 81
7686 18 47
7687 80 23
7688 68 88
7689 77 84
7690 74 54
7691 9 77
7692 50 65
7693 4 12
7694 55 58
7695 81 93
7696 86 93
7697 15 23
7698 8 1
7699 31 29
7700 83 29
7701 82 49
7702 65 69
7703 25 0
7704 77 82
7705 37 65
7706 47 26
7707 20 58
7708 32 84
7709 28 16
7710 91 30
7711 87 36
7712 100 88
7713 10 0
7714 22 70
7715 83 84
7716 31 80
7717 12 69
7718 10 5
7719 35 82
7720 45 77
7721 76 19
7722 84 59
7723 2 51
7724 39 80
7725 78 38
7726 5 12
7727 69 13
7728 88 25
7729 81 0
7730 64 44
7731 34 21
7732 69 58
7733 53 88
7734 16 40
7735 7 9
7736 95 65
7737 72 84
7738 35 45
7739 84 57
7740 91 14
7741 85 9
7742 74 73
7743 34 40
7744 46 36
7745 20 72
7746 78 97
7747 32 43
7748 20 10
7749 56 2
7750 46 95
7751 20 84
7752 80 35
7753 23 72
7754 38 73
7755 74 1
7756 69 74
7757 11 30
7758 17 29
7759 66 29
7760 60 30
7761 69 23
7762 93 91
7763 47 78
7764 38 41
7765 57 42
7766 46 68
7767 89 75
7768 39 28
7769 1 5
7770 26 80
7771 58 23
7772 44 76
7773 36 58
7774 18 91
7775 47 57
7776 59 14
7777 57 92
7778 68 91
7779 92 40
7780 7 83
7781 0 32
7782 23 96
7783 10 78
7784 39 87
7785 6 31
7786 98 73
7787 11 17
7788 70 89
7789 8 89
7790 58 24
7791 28 45
7792 71 95
7793 34 86
7794 53 70
7795 56 94
7796 37 74
7797 70 10
7798 99 59
7799 81 38
7800 81 96
7801 32 95
7802 60 64
7803 43 35
7804 27 91
7805 42 58
7806 9 51
7807 85 82
7808 40 19
7809 23 75
7810 61 64
7811 28 75
7812 32 94
7813 89 53
7814 94 60
7815 57 27
7816 44 37
7817 49 14
7818 8 75
7819 92 73
7820 40 86
7821 63 37
7822 84 10
7823 31 60
7824 71 39
7825 58 92
7826 22 67
7827 14 76
7828 9 78
7829 56 15
7830 77 30
7831 12 77
7832 2 57
7833 42 13
7834 75 14
7835 64 86
7836 65 88
7837 3 6
7838 71 29
7839 69 88
7840 64 39
7841 66 77
7842 81 97
7843 84 71
7844 82 36
7845 92 3
7846 10 54
7847 78 63
7848 90 95
7849 44 51
7850 95 74
7851 78 81
7852 61 97
7853 89 48
7854 86 4
7855 26 95
7856 85 76
7857 46 27
7858 2 74
7859 9 90
7860 97 91
7861 50 54
7862 66 77
7863 74 34
7864 56 54
7865 84 36
7866 43 7
7867 40 60
7868 53 30
7869 44 81
7870 91 3
7871 24 75
7872 95 70
7873 9 81
7874 16 55
7875 84 63
7876 15 7
7877 68 10
7878 69 78
7879 4 7
7880 22 83
7881 94 50
7882 80 45
7883 37 87
7884 55 43
7885 58 33
7886 15 50
7887 89 42
7888 20 68
7889 57 28
7890 50 39
7891 55 8
7892 0 71
7893 52 29
7894 95 53
7895 62 51
7896 91 43
7897 52 6
7898 46 32
7899 65 89
7900 91 4
7901 35 65
7902 27 18
7903 27 13
7904 66 89
7905 34 24
7906 14 66
7907 26 53
7908 2 91
7909 90 70
7910 49 13
7911 91 57
7912 31 37
7913 13 61
7914 13 35
7915 18 24
7916 1 0
7917 43 9
7918 84 63
7919 89 96
7920 21 85
7921 100 1
7922 5 24
7923 94 62
7924 92 92
7925 74 49
7926 21 71
7927 6 33
7928 49 89
7929 4 72
7930 10 80
7931 66 32
7932 18 98
7933 11 61
7934 9 8
7935 80 91
7936 78 17
7937 57 71
7938 53 46
7939 57 42
7940 20 29
7941 53 15
7942 30 48
7943 57 9
7944 54 9
7945 16 43
7946 5 31
7947 55 61
7948 99 78
7949 82 91
7950 68 55
7951 42 71
7952 15 74
7953 13 27
7954 40 26
7955 64 67
7956 5 64
7957 41 31
7958 28 59
7959 21 29
7960 51 62
7961 76 8
7962 9 37
7963 57 39
7964 79 80
7965 57 56
7966 75 26
7967 21 30
7968 28 22
7969 92 83
7970 47 20
7971 47 57
7972 82 59
7973 70 21
7974 63 4
7975 75 98
7976 26 33
7977 31 97
7978 94 33
7979 9 58
7980 76 28
7981 36 67
7982 25 86
7983 73 8
7984 20 98
7985 82 63
7986 4 61
7987 34 52
7988 38 83
7989 90 73
7990 78 48
7991 11 29
7992 24 15
7993 27 63
7994 99 89
7995 2 6
7996 85 51
7997 48 37
7998 2 61
7999 39 9
8000 68 11