1 50 77
2 83 67
3 89 58
4 43 47
5 67 38
6 92 94
7 95 31
8 83 2
9 38 92
10 100 42
11 61 75
12 47 50
13 6 74
14 11 63
15 68 81
16 54 77
17 100 20
18 90 16
19 8 19
20 7 2
21 18 62
22 87 7
23 26 63
24 4 74
25 85 4
26 0 88
27 24 96
28 15 10
29 72 80
30 68 8
31 87 28
32 33 84
33 9 17
34 82 55
35 69 29
36 51 60
37 93 16
38 46 51
39 78 60
40 22 58
41 52 39
42 96 20
43 52 61
44 91 43
45 51 59
46 82 43
47 30 36
48 67 72
49 85 56
50 75 84
51 99 70
52 79 6
53 15 68
54 65 31
55 45 59
56 91 27
57 16 40
58 19 22
59 37 71
60 41 44
61 40 69
62 9 47
63 97 84
64 81 45
65 11 71
66 97 75
67 38 22
68 55 58
69 58 84
70 39 87
71 99 42
72 25 39
73 40 16
74 27 97
75 90 18
76 33 20
77 87 68
78 93 24
79 30 7
80 53 20
81 2 55
82 4 16
83 27 61
84 38 60
85 0 7
86 46 73
87 22 91
88 44 46
89 72 47
90 35 86
91 52 99
92 82 13
93 16 68
94 29 60
95 26 36
96 3 46
97 22 0
98 3 41
99 82 33
100 37 77
101 96 1
102 42 71
103 61 87
104 70 95
105 51 30
106 57 28
107 24 65
108 31 13
109 22 34
110 46 47
111 98 67
112 65 4
113 32 3
114 66 40
115 91 18
116 17 69
117 21 83
118 81 36
119 65 57
120 83 94
121 63 45
122 99 46
123 16 50
124 62 57
125 4 24
126 19 96
127 34 58
128 93 94
129 65 94
130 57 62
131 64 99
132 92 74
133 0 5
134 10 57
135 30 26
136 48 58
137 94 0
138 94 54
139 12 61
140 1 4
141 24 0
142 39 87
143 11 63
144 42 91
145 2 38
146 85 99
147 92 50
148 27 89
149 7 4
150 14 23
151 39 2
152 98 36
153 32 39
154 29 24
155 30 29
156 93 80
157 13 22
158 24 86
159 79 40
160 67 83
161 39 72
162 16 84
163 75 49
164 28 54
165 91 86
166 72 21
167 66 93
168 53 54
169 9 49
170 12 16
171 67 15
172 76 97
173 84 46
174 74 89
175 5 42
176 95 30
177 71 87
178 29 11
179 92 48
180 77 7
181 90 45
182 76 73
183 48 81
184 93 47
185 90 24
186 27 63
187 81 77
188 81 28
189 9 26
190 75 99
191 44 28
192 25 41
193 16 53
194 48 81
195 3 60
196 28 27
197 41 80
198 15 40
199 99 18
200 73 48
201 86 13
202 45 43
203 9 50
204 17 50
205 45 69
206 41 96
207 77 74
208 86 32
209 89 54
210 59 53
211 68 99
212 41 1
213 12 44
214 58 21
215 58 82
216 37 86
217 37 50
218 0 9
219 100 66
220 26 76
221 37 98
222 54 48
223 1 79
224 14 37
225 94 69
226 86 70
227 74 89
228 64 27
229 64 26
230 46 43
231 68 71
232 40 80
233 66 38
234 30 13
235 11 40
236 94 64
237 68 86
238 85 51
239 45 17
240 39 64
241 71 98
242 84 30
243 29 3
244 1 87
245 59 93
246 15 36
247 7 25
248 24 21
249 73 36
250 90 13
251 53 37
252 51 30
253 45 42
254 5 43
255 72 34
256 61 62
257 9 27
258 39 67
259 0 60
260 82 88
261 76 69
262 54 49
263 7 13
264 12 74
265 1 42
266 18 62
267 18 69
268 71 6
269 17 74
270 24 20
271 9 79
272 81 85
273 90 84
274 12 70
275 75 75
276 28 36
277 82 13
278 44 16
279 70 58
280 27 26
281 29 29
282 79 82
283 73 86
284 31 73
285 3 33
286 4 48
287 0 5
288 90 64
289 49 12
290 87 54
291 36 78
292 28 83
293 81 56
294 49 28
295 10 14
296 45 58
297 43 88
298 33 91
299 49 67
300 12 65
301 66 52
302 84 10
303 77 3
304 38 49
305 45 64
306 66 42
307 99 68
308 37 32
309 99 90
310 75 33
311 45 45
312 82 22
313 68 48
314 69 61
315 58 99
316 46 76
317 25 80
318 95 16
319 98 21
320 36 66
321 19 31
322 94 29
323 79 47
324 77 93
325 1 38
326 17 14
327 22 18
328 36 33
329 97 57
330 75 37
331 30 70
332 28 75
333 5 45
334 61 34
335 72 98
336 63 74
337 49 73
338 93 46
339 7 71
340 38 0
341 96 77
342 40 79
343 69 89
344 86 90
345 95 36
346 63 67
347 87 36
348 30 43
349 23 77
350 34 41
351 32 86
352 52 23
353 43 72
354 51 0
355 41 83
356 25 55
357 95 2
358 70 9
359 60 17
360 87 86
361 28 34
362 100 76
363 35 5
364 31 21
365 61 42
366 62 70
367 88 52
368 75 28
369 40 64
370 70 88
371 9 34
372 74 69
373 45 91
374 61 81
375 42 78
376 61 98
377 83 57
378 97 85
379 12 12
380 2 68
381 98 23
382 13 12
383 16 76
384 75 100
385 66 80
386 100 96
387 68 67
388 8 14
389 31 67
390 51 7
391 55 63
392 66 1
393 62 72
394 19 98
395 16 99
396 69 63
397 42 6
398 6 39
399 33 0
400 2 72
401 28 32
402 54 70
403 82 27
404 81 70
405 7 81
406 50 65
407 24 19
408 54 36
409 84 76
410 44 15
411 25 44
412 49 87
413 69 24
414 29 88
415 78 6
416 19 25
417 12 46
418 78 89
419 58 7
420 7 1
421 70 19
422 53 10
423 92 36
424 10 74
425 62 16
426 48 51
427 65 74
428 46 36
429 70 20
430 33 21
431 15 100
432 84 91
433 6 83
434 75 94
435 97 53
436 95 60
437 15 23
438 94 68
439 3 50
440 14 71
441 96 26
442 55 72
443 62 18
444 11 52
445 89 20
446 1 88
447 32 49
448 58 30
449 8 82
450 60 2
451 52 58
452 45 74
453 33 23
454 41 41
455 32 98
456 15 63
457 66 10
458 86 54
459 40 48
460 82 65
461 44 97
462 9 47
463 22 71
464 43 75
465 87 84
466 11 14
467 88 86
468 46 98
469 19 66
470 17 30
471 71 22
472 25 4
473 15 13
474 79 33
475 82 65
476 4 28
477 94 88
478 82 90
479 83 55
480 51 56
481 8 93
482 46 23
483 91 92
484 41 5
485 31 73
486 40 22
487 49 28
488 4 79
489 4 4
490 75 5
491 75 70
492 23 79
493 45 75
494 47 53
495 70 99
496 82 44
497 30 59
498 11 84
499 18 89
500 4 21
501 50 56
502 97 70
503 88 60
504 11 11
505 72 1
506 95 25
507 26 62
508 58 20
509 25 9
510 80 11
511 13 2
512 64 46
513 9 60
514 26 91
515 64 39
516 14 97
517 19 85
518 7 65
519 43 2
520 53 71
521 66 60
522 55 91
523 7 52
524 39 16
525 60 62
526 43 68
527 48 53
528 59 98
529 84 24
530 28 33
531 70 14
532 25 93
533 86 51
534 75 31
535 17 80
536 94 43
537 80 25
538 44 82
539 67 79
540 16 87
541 39 75
542 60 11
543 94 69
544 66 50
545 91 48
546 49 98
547 27 21
548 59 19
549 78 99
550 91 11
551 67 33
552 0 81
553 23 10
554 6 55
555 85 33
556 59 26
557 18 9
558 24 51
559 30 76
560 89 72
561 25 74
562 35 8
563 65 99
564 73 41
565 22 14
566 62 79
567 81 51
568 29 25
569 99 61
570 61 81
571 87 78
572 50 97
573 82 3
574 62 52
575 37 86
576 68 28
577 8 17
578 60 58
579 46 46
580 63 17
581 20 51
582 5 34
583 31 62
584 41 53
585 54 93
586 91 52
587 33 92
588 25 67
589 28 17
590 89 89
591 85 89
592 91 86
593 77 96
594 98 12
595 77 26
596 41 32
597 12 43
598 14 41
599 77 69
600 42 68
601 83 12
602 4 70
603 71 41
604 16 98
605 56 28
606 27 32
607 94 81
608 45 40
609 87 34
610 44 11
611 67 84
612 2 20
613 9 59
614 36 100
615 63 17
616 14 15
617 55 1
618 41 41
619 2 45
620 15 11
621 13 67
622 80 20
623 82 41
624 98 45
625 95 0
626 39 39
627 72 21
628 53 58
629 54 1
630 89 31
631 96 76
632 65 9
633 37 100
634 81 64
635 47 84
636 50 14
637 15 63
638 86 70
639 52 81
640 35 53
641 5 41
642 29 78
643 82 31
644 79 87
645 49 45
646 85 87
647 5 48
648 91 61
649 45 98
650 40 58
651 54 25
652 82 66
653 86 7
654 51 30
655 79 90
656 6 2
657 24 84
658 33 3
659 47 69
660 39 44
661 68 93
662 16 36
663 21 4
664 69 78
665 81 66
666 98 37
667 51 92
668 91 79
669 89 55
670 46 45
671 78 35
672 78 38
673 20 81
674 86 24
675 24 99
676 45 72
677 53 40
678 12 82
679 64 86
680 67 76
681 100 64
682 96 16
683 81 10
684 4 78
685 50 5
686 44 42
687 82 1
688 58 44
689 71 45
690 48 67
691 38 64
692 72 55
693 60 13
694 21 42
695 22 18
696 7 77
697 55 74
698 51 46
699 66 39
700 61 14
701 27 40
702 70 69
703 36 32
704 88 29
705 32 13
706 69 23
707 19 39
708 87 67
709 65 29
710 93 14
711 81 48
712 77 59
713 77 100
714 65 46
715 90 20
716 64 100
717 87 0
718 42 14
719 31 80
720 60 9
721 66 28
722 18 92
723 14 64
724 93 86
725 69 56
726 97 90
727 85 41
728 35 12
729 52 68
730 17 47
731 37 49
732 20 77
733 91 85
734 50 87
735 19 44
736 65 99
737 23 46
738 45 23
739 49 38
740 22 86
741 44 83
742 2 3
743 3 76
744 38 32
745 48 73
746 23 30
747 0 86
748 45 17
749 20 43
750 46 77
751 96 64
752 38 55
753 61 1
754 12 76
755 59 57
756 53 91
757 88 60
758 73 52
759 69 8
760 24 61
761 53 60
762 40 60
763 42 0
764 21 44
765 25 80
766 71 38
767 86 50
768 90 72
769 73 58
770 3 75
771 39 29
772 39 49
773 51 81
774 36 91
775 43 75
776 4 78
777 77 95
778 56 83
779 14 8
780 25 60
781 48 82
782 55 57
783 5 88
784 25 31
785 89 42
786 47 22
787 9 86
788 35 20
789 57 45
790 72 70
791 5 98
792 70 68
793 79 48
794 91 92
795 18 27
796 81 41
797 12 94
798 71 25
799 87 1
800 85 84
801 53 42
802 28 42
803 18 40
804 12 31
805 56 52
806 20 79
807 18 96
808 38 96
809 3 44
810 18 52
811 65 90
812 41 18
813 90 79
814 24 51
815 66 79
816 72 29
817 4 67
818 15 62
819 38 15
820 84 17
821 43 31
822 96 98
823 22 52
824 27 4
825 50 49
826 46 3
827 61 81
828 74 95
829 34 34
830 0 31
831 57 74
832 54 25
833 57 70
834 30 37
835 19 68
836 37 16
837 37 11
838 80 67
839 36 22
840 84 13
841 98 11
842 70 39
843 13 34
844 51 51
845 19 91
846 32 3
847 71 79
848 45 9
849 29 31
850 50 65
851 69 63
852 83 19
853 16 57
854 90 64
855 54 47
856 8 40
857 75 32
858 68 16
859 38 94
860 72 36
861 42 36
862 98 54
863 62 43
864 90 82
865 3 21
866 45 6
867 33 96
868 66 57
869 73 35
870 37 12
871 75 27
872 86 36
873 18 4
874 80 6
875 67 76
876 23 28
877 8 51
878 85 19
879 30 96
880 63 29
881 22 70
882 79 25
883 27 27
884 52 21
885 88 78
886 69 14
887 5 36
888 18 20
889 61 33
890 24 51
891 72 80
892 0 6
893 62 6
894 74 73
895 98 28
896 18 67
897 75 90
898 89 28
899 35 74
900 75 52
901 80 20
902 58 2
903 1 7
904 89 25
905 45 55
906 96 94
907 89 85
908 41 47
909 6 13
910 46 73
911 34 10
912 9 91
913 30 91
914 43 46
915 76 61
916 8 43
917 74 78
918 29 19
919 63 20
920 17 44
921 89 45
922 93 48
923 5 74
924 14 27
925 89 53
926 34 32
927 30 55
928 20 23
929 28 17
930 48 28
931 44 29
932 62 15
933 74 42
934 18 95
935 71 18
936 20 85
937 100 42
938 45 98
939 76 37
940 84 30
941 19 59
942 44 30
943 40 33
944 50 86
945 60 38
946 31 32
947 82 54
948 32 68
949 8 20
950 38 64
951 89 46
952 56 19
953 95 51
954 65 29
955 66 7
956 33 65
957 54 73
958 38 51
959 61 13
960 57 28
961 10 92
962 24 46
963 77 50
964 100 88
965 19 11
966 81 18
967 72 53
968 18 42
969 75 67
970 27 59
971 64 3
972 80 65
973 38 86
974 5 96
975 42 56
976 19 90
977 22 56
978 56 9
979 27 45
980 9 74
981 35 4
982 46 55
983 9 27
984 5 99
985 15 93
986 38 95
987 33 75
988 47 93
989 43 28
990 29 3
991 94 64
992 68 75
993 63 46
994 38 86
995 90 0
996 4 69
997 32 57
998 74 69
999 93 0
1000 43 33
1001 29 25
1002 47 83
1003 66 33
1004 93 12
1005 83 19
1006 32 20
1007 61 60
1008 71 61
1009 2 36
1010 73 87
1011 91 16
1012 85 50
1013 54 48
1014 23 16
1015 3 84
1016 22 76
1017 43 37
1018 64 20
1019 32 81
1020 14 86
1021 71 21
1022 33 26
1023 76 80
1024 31 29
1025 78 21
1026 82 83
1027 83 23
1028 32 12
1029 52 51
1030 23 53
1031 33 68
1032 56 44
1033 44 29
1034 39 73
1035 27 89
1036 83 47
1037 5 52
1038 24 31
1039 48 48
1040 74 11
1041 55 37
1042 63 65
1043 40 32
1044 29 64
1045 18 55
1046 54 43
1047 30 28
1048 32 29
1049 43 17
1050 71 32
1051 99 18
1052 57 63
1053 99 69
1054 36 13
1055 45 53
1056 68 45
1057 100 5
1058 36 8
1059 89 46
1060 2 47
1061 15 48
1062 51 0
1063 69 59
1064 48 29
1065 88 10
1066 63 83
1067 54 51
1068 50 37
1069 100 5
1070 36 25
1071 92 3
1072 24 37
1073 71 36
1074 82 69
1075 63 3
1076 66 33
1077 35 3
1078 68 4
1079 19 54
1080 6 73
1081 100 7
1082 79 84
1083 47 77
1084 34 67
1085 15 18
1086 45 64
1087 32 83
1088 52 4
1089 13 18
1090 63 12
1091 24 47
1092 85 59
1093 60 69
1094 45 72
1095 97 14
1096 77 36
1097 53 3
1098 7 61
1099 36 45
1100 71 46
1101 26 24
1102 50 88
1103 93 88
1104 67 25
1105 18 71
1106 55 99
1107 56 53
1108 77 78
1109 39 59
1110 38 20
1111 39 66
1112 71 93
1113 2 29
1114 19 5
1115 66 3
1116 90 69
1117 41 28
1118 16 39
1119 88 54
1120 96 84
1121 3 52
1122 50 82
1123 78 64
1124 36 39
1125 25 4
1126 10 49
1127 98 39
1128 5 55
1129 35 84
1130 51 85
1131 13 37
1132 64 24
1133 20 77
1134 9 99
1135 16 25
1136 15 50
1137 71 96
1138 28 91
1139 11 95
1140 43 52
1141 49 70
1142 100 29
1143 74 9
1144 75 74
1145 99 77
1146 100 61
1147 60 0
1148 71 38
1149 88 70
1150 88 9
1151 30 37
1152 14 3
1153 35 93
1154 79 11
1155 5 49
1156 79 39
1157 49 57
1158 38 81
1159 27 22
1160 7 65
1161 27 95
1162 35 88
1163 35 52
1164 31 94
1165 40 5
1166 94 77
1167 30 77
1168 18 94
1169 97 1
1170 39 59
1171 45 38
1172 83 58
1173 9 1
1174 6 44
1175 47 22
1176 65 40
1177 81 36
1178 39 5
1179 9 15
1180 46 83
1181 82 75
1182 47 25
1183 1 39
1184 48 61
1185 63 24
1186 94 60
1187 90 62
1188 83 72
1189 39 43
1190 81 59
1191 33 76
1192 38 77
1193 92 12
1194 51 91
1195 46 57
1196 63 32
1197 85 65
1198 2 55
1199 80 24
1200 96 13
1201 29 46
1202 70 5
1203 83 15
1204 8 26
1205 17 78
1206 25 36
1207 19 75
1208 92 82
1209 73 28
1210 12 9
1211 23 76
1212 76 9
1213 39 20
1214 9 8
1215 71 33
1216 66 93
1217 76 54
1218 60 82
1219 47 6
1220 31 47
1221 60 61
1222 71 35
1223 92 59
1224 55 55
1225 68 70
1226 71 57
1227 3 78
1228 81 88
1229 85 66
1230 51 34
1231 40 53
1232 7 67
1233 100 51
1234 57 15
1235 97 73
1236 0 79
1237 85 29
1238 85 85
1239 55 62
1240 8 83
1241 16 32
1242 82 90
1243 13 45
1244 13 78
1245 96 14
1246 53 40
1247 30 37
1248 58 25
1249 85 59
1250 36 7
1251 14 69
1252 56 66
1253 61 64
1254 73 87
1255 19 28
1256 21 71
1257 74 49
1258 93 98
1259 96 10
1260 52 18
1261 98 25
1262 14 27
1263 87 90
1264 83 21
1265 55 85
1266 81 69
1267 47 68
1268 25 61
1269 74 77
1270 21 76
1271 17 26
1272 91 1
1273 77 63
1274 68 25
1275 56 38
1276 3 23
1277 14 51
1278 28 6
1279 79 23
1280 65 91
1281 96 32
1282 99 17
1283 92 81
1284 24 35
1285 11 72
1286 83 37
1287 34 76
1288 50 11
1289 55 7
1290 26 60
1291 67 46
1292 79 28
1293 42 4
1294 63 100
1295 6 15
1296 18 41
1297 11 71
1298 60 72
1299 91 89
1300 3 80
1301 81 72
1302 98 32
1303 94 46
1304 59 86
1305 9 84
1306 70 94
1307 97 44
1308 52 46
1309 29 49
1310 58 98
1311 85 59
1312 53 68
1313 27 63
1314 52 96
1315 0 76
1316 87 41
1317 80 82
1318 97 13
1319 67 83
1320 60 20
1321 43 62
1322 15 61
1323 65 0
1324 31 47
1325 22 63
1326 45 24
1327 52 49
1328 79 71
1329 82 30
1330 99 94
1331 59 34
1332 2 66
1333 81 43
1334 97 29
1335 46 1
1336 32 65
1337 81 83
1338 47 83
1339 14 13
1340 65 94
1341 26 37
1342 81 64
1343 32 43
1344 66 74
1345 48 93
1346 22 47
1347 57 68
1348 33 65
1349 3 0
1350 57 56
1351 15 3
1352 91 28
1353 89 48
1354 62 56
1355 94 90
1356 100 72
1357 46 65
1358 9 100
1359 34 82
1360 7 59
1361 61 22
1362 26 67
1363 0 95
1364 61 95
1365 51 86
1366 94 55
1367 6 16
1368 96 10
1369 75 41
1370 46 41
1371 65 70
1372 31 35
1373 95 9
1374 92 34
1375 72 24
1376 18 66
1377 62 98
1378 92 74
1379 16 24
1380 30 74
1381 49 14
1382 35 78
1383 22 65
1384 71 84
1385 54 61
1386 69 98
1387 1 13
1388 13 26
1389 52 51
1390 46 74
1391 96 70
1392 21 59
1393 11 61
1394 85 70
1395 88 16
1396 37 38
1397 15 28
1398 27 22
1399 35 40
1400 77 28
1401 63 55
1402 53 52
1403 14 72
1404 100 52
1405 15 51
1406 36 88
1407 35 48
1408 78 55
1409 80 26
1410 26 85
1411 67 47
1412 67 70
1413 61 9
1414 82 26
1415 79 98
1416 69 67
1417 66 12
1418 39 45
1419 69 84
1420 58 8
1421 29 16
1422 89 46
1423 84 87
1424 5 83
1425 95 33
1426 27 21
1427 93 40
1428 95 83
1429 26 76
1430 93 17
1431 30 46
1432 10 29
1433 79 99
1434 77 22
1435 38 49
1436 45 25
1437 49 94
1438 99 69
1439 5 100
1440 79 27
1441 24 50
1442 46 31
1443 15 85
1444 69 75
1445 54 57
1446 12 4
1447 21 63
1448 86 62
1449 82 67
1450 61 54
1451 52 89
1452 79 80
1453 39 33
1454 10 74
1455 9 23
1456 59 10
1457 15 7
1458 32 9
1459 95 50
1460 26 5
1461 70 95
1462 52 63
1463 76 13
1464 15 38
1465 84 58
1466 78 94
1467 43 100
1468 24 85
1469 45 12
1470 100 60
1471 30 29
1472 16 63
1473 56 82
1474 96 22
1475 20 93
1476 25 76
1477 63 13
1478 71 65
1479 16 24
1480 96 39
1481 7 8
1482 28 75
1483 77 89
1484 69 31
1485 65 72
1486 98 74
1487 60 87
1488 91 16
1489 60 44
1490 62 20
1491 51 29
1492 53 56
1493 59 11
1494 34 80
1495 91 60
1496 96 67
1497 71 89
1498 88 16
1499 4 68
1500 24 76
1501 86 65
1502 3 2
1503 21 82
1504 98 71
1505 46 27
1506 73 82
1507 40 36
1508 36 64
1509 80 80
1510 30 100
1511 10 34
1512 73 75
1513 92 19
1514 74 2
1515 10 100
1516 2 39
1517 72 94
1518 73 1
1519 34 85
1520 99 23
1521 82 16
1522 64 55
1523 89 40
1524 18 85
1525 90 32
1526 29 92
1527 86 15
1528 48 24
1529 19 94
1530 18 81
1531 81 21
1532 58 16
1533 46 93
1534 12 32
1535 20 35
1536 27 15
1537 78 44
1538 22 27
1539 95 98
1540 67 12
1541 24 71
1542 32 90
1543 26 65
1544 77 18
1545 68 32
1546 29 64
1547 82 73
1548 11 74
1549 40 87
1550 27 3
1551 94 62
1552 81 94
1553 78 6
1554 22 63
1555 42 9
1556 8 100
1557 68 53
1558 21 57
1559 3 73
1560 5 5
1561 73 62
1562 88 43
1563 20 20
1564 17 92
1565 8 15
1566 78 86
1567 0 31
1568 65 96
1569 93 13
1570 29 69
1571 86 89
1572 47 48
1573 27 46
1574 60 30
1575 15 87
1576 24 59
1577 65 39
1578 33 66
1579 37 51
1580 74 90
1581 63 71
1582 81 3
1583 30 32
1584 51 61
1585 0 70
1586 11 97
1587 17 3
1588 96 5
1589 49 17
1590 78 96
1591 47 56
1592 63 25
1593 27 49
1594 62 88
1595 46 14
1596 15 55
1597 9 96
1598 63 71
1599 46 26
1600 89 88
1601 54 81
1602 98 3
1603 85 3
1604 5 35
1605 92 88
1606 89 74
1607 88 91
1608 100 48
1609 48 33
1610 56 44
1611 22 81
1612 82 53
1613 92 26
1614 4 40
1615 51 85
1616 48 88
1617 46 42
1618 79 5
1619 70 4
1620 97 60
1621 23 31
1622 16 68
1623 21 90
1624 67 66
1625 85 1
1626 86 72
1627 5 21
1628 50 21
1629 39 87
1630 19 30
1631 43 8
1632 3 38
1633 83 27
1634 100 57
1635 79 97
1636 100 67
1637 80 99
1638 44 41
1639 40 17
1640 27 57
1641 67 78
1642 28 46
1643 70 63
1644 43 60
1645 3 11
1646 79 28
1647 70 14
1648 77 7
1649 76 65
1650 4 65
1651 51 4
1652 81 28
1653 13 29
1654 66 42
1655 0 31
1656 2 6
1657 63 16
1658 85 91
1659 15 6
1660 88 13
1661 62 89
1662 14 51
1663 68 48
1664 77 53
1665 54 67
1666 63 91
1667 85 61
1668 64 89
1669 73 32
1670 76 50
1671 70 58
1672 0 76
1673 40 92
1674 62 26
1675 1 84
1676 6 65
1677 76 66
1678 17 23
1679 68 53
1680 3 85
1681 69 91
1682 19 55
1683 36 45
1684 76 67
1685 41 2
1686 88 27
1687 32 24
1688 89 11
1689 95 62
1690 63 41
1691 92 3
1692 83 7
1693 1 60
1694 46 88
1695 94 37
1696 71 7
1697 85 67
1698 99 50
1699 39 80
1700 76 49
1701 14 55
1702 54 80
1703 8 17
1704 60 89
1705 96 28
1706 11 55
1707 22 96
1708 87 29
1709 23 72
1710 50 61
1711 73 17
1712 74 36
1713 65 80
1714 53 87
1715 95 68
1716 17 32
1717 36 47
1718 36 81
1719 67 22
1720 100 9
1721 98 65
1722 57 76
1723 36 22
1724 4 58
1725 68 6
1726 79 87
1727 84 7
1728 13 36
1729 73 21
1730 78 62
1731 19 24
1732 59 54
1733 27 42
1734 92 70
1735 98 42
1736 93 55
1737 74 67
1738 26 86
1739 37 43
1740 75 26
1741 2 91
1742 76 59
1743 36 48
1744 86 88
1745 56 26
1746 44 56
1747 6 61
1748 24 48
1749 20 7
1750 6 18
1751 83 40
1752 92 83
1753 3 14
1754 43 97
1755 66 38
1756 83 43
1757 43 26
1758 12 92
1759 72 45
1760 64 44
1761 18 63
1762 83 33
1763 23 37
1764 74 57
1765 71 95
1766 32 92
1767 74 97
1768 21 50
1769 14 30
1770 10 80
1771 39 26
1772 58 19
1773 100 69
1774 48 99
1775 83 11
1776 5 13
1777 43 77
1778 48 44
1779 85 78
1780 5 88
1781 85 19
1782 90 5
1783 23 46
1784 55 86
1785 93 11
1786 50 54
1787 98 21
1788 89 93
1789 42 5
1790 84 78
1791 91 83
1792 18 59
1793 98 87
1794 21 86
1795 95 88
1796 30 30
1797 30 21
1798 77 97
1799 3 59
1800 55 47
1801 35 16
1802 55 57
1803 51 63
1804 35 81
1805 58 40
1806 64 41
1807 45 10
1808 93 31
1809 7 99
1810 60 23
1811 6 44
1812 2 20
1813 45 40
1814 96 55
1815 68 17
1816 1 92
1817 70 38
1818 77 91
1819 13 39
1820 9 14
1821 31 74
1822 51 95
1823 25 41
1824 13 50
1825 98 67
1826 63 96
1827 65 11
1828 39 9
1829 83 77
1830 3 18
1831 84 42
1832 72 17
1833 42 1
1834 95 67
1835 99 1
1836 76 47
1837 88 69
1838 20 25
1839 52 7
1840 92 87
1841 82 56
1842 75 98
1843 31 40
1844 74 68
1845 78 72
1846 48 11
1847 54 1
1848 59 5
1849 64 92
1850 28 21
1851 100 94
1852 39 31
1853 2 51
1854 49 61
1855 69 67
1856 65 32
1857 87 59
1858 83 90
1859 81 56
1860 14 91
1861 93 30
1862 61 67
1863 18 20
1864 66 9
1865 5 53
1866 57 55
1867 6 55
1868 78 30
1869 30 87
1870 80 49
1871 85 75
1872 88 6
1873 95 12
1874 75 98
1875 14 45
1876 12 90
1877 34 18
1878 28 75
1879 76 98
1880 42 49
1881 96 39
1882 71 12
1883 71 43
1884 93 10
1885 41 47
1886 87 87
1887 93 40
1888 78 23
1889 48 74
1890 9 49
1891 91 59
1892 30 58
1893 20 29
1894 1 53
1895 51 23
1896 8 0
1897 0 9
1898 23 91
1899 64 94
1900 0 54
1901 52 96
1902 66 7
1903 78 96
1904 50 94
1905 62 7
1906 76 74
1907 71 9
1908 51 36
1909 54 94
1910 23 47
1911 19 90
1912 67 56
1913 63 68
1914 36 78
1915 17 43
1916 33 78
1917 96 61
1918 29 92
1919 73 49
1920 100 16
1921 35 87
1922 21 84
1923 78 69
1924 16 70
1925 63 91
1926 64 81
1927 28 87
1928 11 92
1929 16 75
1930 26 61
1931 1 24
1932 82 95
1933 50 49
1934 97 32
1935 35 23
1936 1 26
1937 40 99
1938 5 4
1939 100 37
1940 20 61
1941 11 71
1942 25 1
1943 91 21
1944 89 98
1945 5 98
1946 50 29
1947 34 77
1948 49 82
1949 100 83
1950 9 43
1951 45 67
1952 68 34
1953 13 43
1954 70 79
1955 44 93
1956 56 33
1957 41 6
1958 83 61
1959 77 8
1960 43 44
1961 66 50
1962 55 25
1963 25 81
1964 50 53
1965 15 34
1966 74 37
1967 82 68
1968 99 93
1969 12 66
1970 48 6
1971 35 69
1972 90 71
1973 33 80
1974 9 100
1975 95 37
1976 97 84
1977 98 79
1978 53 86
1979 34 63
1980 24 84
1981 13 66
1982 21 64
1983 6 64
1984 82 40
1985 71 98
1986 1 6
1987 69 41
1988 34 94
1989 56 41
1990 57 57
1991 46 54
1992 27 86
1993 25 10
1994 74 35
1995 44 23
1996 25 45
1997 98 74
1998 4 43
1999 97 14
2000 71 2
2001 43 33
2002 59 17
2003 48 86
2004 48 83
2005 87 84
2006 65 49
2007 25 60
2008 87 79
2009 20 65
2010 48 49
2011 51 51
2012 8 3
2013 74 1
2014 63 4
2015 75 34
2016 96 22
2017 13 97
2018 34 52
2019 18 8
2020 57 50
2021 47 83
2022 30 98
2023 10 45
2024 58 41
2025 61 55
2026 11 91
2027 98 17
2028 55 7
2029 59 51
2030 86 63
2031 18 89
2032 67 36
2033 35 65
2034 93 14
2035 19 65
2036 75 96
2037 27 48
2038 66 21
2039 14 20
2040 39 28
2041 94 23
2042 8 72
2043 75 58
2044 7 38
2045 32 56
2046 20 37
2047 67 8
2048 79 21
2049 81 6
2050 97 61
2051 78 17
2052 93 80
2053 57 52
2054 5 19
2055 92 38
2056 44 75
2057 65 27
2058 13 48
2059 77 15
2060 69 16
2061 92 56
2062 83 38
2063 56 60
2064 29 69
2065 77 75
2066 72 17
2067 42 36
2068 12 10
2069 99 79
2070 66 19
2071 55 24
2072 87 41
2073 96 2
2074 64 4
2075 43 5
2076 69 75
2077 30 14
2078 56 59
2079 1 54
2080 2 14
2081 71 82
2082 40 52
2083 54 96
2084 54 44
2085 91 24
2086 51 13
2087 21 46
2088 0 76
2089 74 59
2090 99 38
2091 27 45
2092 72 59
2093 82 59
2094 24 39
2095 44 100
2096 17 76
2097 98 62
2098 65 9
2099 89 70
2100 88 39
2101 86 57
2102 93 75
2103 52 15
2104 28 37
2105 78 40
2106 64 17
2107 84 86
2108 0 31
2109 77 68
2110 70 29
2111 65 42
2112 34 56
2113 59 44
2114 73 81
2115 58 94
2116 25 60
2117 23 33
2118 79 89
2119 82 23
2120 95 26
2121 90 35
2122 37 91
2123 78 67
2124 53 22
2125 39 63
2126 16 55
2127 52 59
2128 47 15
2129 46 24
2130 50 95
2131 57 77
2132 76 42
2133 84 65
2134 32 37
2135 99 62
2136 83 33
2137 82 69
2138 99 50
2139 38 20
2140 50 37
2141 24 61
2142 64 99
2143 41 54
2144 66 22
2145 88 92
2146 43 74
2147 5 85
2148 79 73
2149 24 13
2150 47 71
2151 7 99
2152 97 68
2153 79 66
2154 55 19
2155 9 72
2156 27 41
2157 14 6
2158 44 60
2159 35 1
2160 84 2
2161 15 98
2162 55 23
2163 41 28
2164 50 29
2165 0 30
2166 1 50
2167 50 65
2168 76 96
2169 61 41
2170 9 69
2171 12 74
2172 48 96
2173 55 21
2174 72 10
2175 0 54
2176 19 18
2177 59 15
2178 78 9
2179 66 40
2180 99 45
2181 29 8
2182 19 12
2183 52 59
2184 7 79
2185 53 76
2186 20 59
2187 60 25
2188 42 14
2189 34 96
2190 64 80
2191 49 93
2192 76 76
2193 3 73
2194 20 63
2195 48 79
2196 84 4
2197 4 64
2198 86 48
2199 38 58
2200 38 30
2201 64 42
2202 81 83
2203 13 92
2204 84 42
2205 29 55
2206 26 8
2207 81 8
2208 71 90
2209 64 97
2210 42 92
2211 15 34
2212 31 79
2213 66 58
2214 68 45
2215 32 81
2216 47 63
2217 46 37
2218 96 21
2219 44 78
2220 26 20
2221 21 91
2222 37 66
2223 72 12
2224 89 4
2225 46 45
2226 43 100
2227 64 67
2228 80 54
2229 91 75
2230 96 10
2231 57 22
2232 38 83
2233 15 57
2234 51 61
2235 28 49
2236 47 55
2237 88 45
2238 60 95
2239 38 88
2240 34 82
2241 50 76
2242 99 50
2243 69 76
2244 6 5
2245 82 38
2246 97 81
2247 25 14
2248 49 11
2249 76 21
2250 45 73
2251 100 20
2252 26 98
2253 66 56
2254 1 36
2255 1 29
2256 10 17
2257 16 0
2258 78 30
2259 81 40
2260 35 94
2261 27 85
2262 51 52
2263 43 33
2264 94 100
2265 68 76
2266 65 100
2267 84 84
2268 62 87
2269 84 32
2270 68 41
2271 7 90
2272 18 4
2273 48 28
2274 24 51
2275 56 60
2276 62 100
2277 21 80
2278 66 88
2279 45 78
2280 40 54
2281 60 75
2282 63 13
2283 69 18
2284 67 42
2285 63 6
2286 88 90
2287 85 62
2288 89 75
2289 70 57
2290 79 53
2291 72 52
2292 28 60
2293 61 57
2294 91 30
2295 3 5
2296 42 45
2297 54 0
2298 64 32
2299 16 97
2300 77 35
2301 1 83
2302 35 99
2303 88 68
2304 13 37
2305 69 59
2306 97 10
2307 20 42
2308 36 12
2309 17 55
2310 84 19
2311 93 41
2312 62 74
2313 37 77
2314 5 9
2315 58 35
2316 66 11
2317 82 81
2318 21 13
2319 20 22
2320 87 74
2321 11 61
2322 6 23
2323 22 77
2324 22 22
2325 60 21
2326 9 52
2327 81 91
2328 47 11
2329 47 88
2330 38 77
2331 13 28
2332 1 78
2333 41 37
2334 89 96
2335 30 66
2336 11 28
2337 30 93
2338 53 94
2339 48 9
2340 78 11
2341 84 60
2342 78 84
2343 60 98
2344 54 9
2345 81 2
2346 46 84
2347 42 55
2348 57 13
2349 20 30
2350 41 10
2351 8 86
2352 68 7
2353 70 82
2354 58 47
2355 23 17
2356 32 53
2357 35 29
2358 38 30
2359 76 72
2360 12 42
2361 40 50
2362 51 36
2363 47 0
2364 100 5
2365 30 12
2366 57 89
2367 6 7
2368 3 85
2369 57 30
2370 3 64
2371 91 22
2372 97 69
2373 30 48
2374 50 91
2375 33 38
2376 92 19
2377 40 87
2378 48 60
2379 47 53
2380 11 91
2381 24 40
2382 81 4
2383 42 76
2384 12 3
2385 18 39
2386 39 30
2387 20 82
2388 72 75
2389 86 100
2390 93 84
2391 33 90
2392 56 69
2393 31 3
2394 18 32
2395 34 35
2396 35 5
2397 96 18
2398 58 97
2399 79 3
2400 2 99
2401 88 82
2402 21 6
2403 86 13
2404 37 22
2405 58 63
2406 98 67
2407 28 60
2408 83 83
2409 11 45
2410 34 7
2411 61 61
2412 29 89
2413 17 27
2414 46 62
2415 37 80
2416 18 95
2417 86 84
2418 44 74
2419 43 77
2420 7 49
2421 55 67
2422 43 38
2423 6 15
2424 74 70
2425 7 98
2426 8 97
2427 83 52
2428 63 2
2429 10 6
2430 99 72
2431 51 75
2432 5 56
2433 66 8
2434 18 60
2435 22 70
2436 20 86
2437 7 23
2438 17 82
2439 4 5
2440 22 100
2441 23 31
2442 100 92
2443 85 55
2444 1 15
2445 64 10
2446 41 1
2447 81 81
2448 25 54
2449 2 23
2450 33 28
2451 58 30
2452 71 24
2453 23 20
2454 42 12
2455 76 5
2456 74 16
2457 78 52
2458 88 64
2459 65 29
2460 27 58
2461 0 27
2462 40 6
2463 12 48
2464 19 4
2465 67 46
2466 18 37
2467 94 51
2468 72 80
2469 97 63
2470 77 86
2471 73 64
2472 45 82
2473 96 35
2474 5 85
2475 69 98
2476 37 57
2477 32 96
2478 18 18
2479 86 21
2480 3 63
2481 22 40
2482 89 41
2483 1 71
2484 95 83
2485 38 75
2486 6 84
2487 36 44
2488 54 48
2489 25 79
2490 87 44
2491 24 89
2492 35 68
2493 46 45
2494 73 2
2495 39 80
2496 60 98
2497 34 91
2498 6 25
2499 65 85
2500 9 9
2501 33 24
2502 51 27
2503 7 55
2504 63 54
2505 78 71
2506 81 26
2507 73 96
2508 74 5
2509 51 86
2510 56 32
2511 66 95
2512 30 30
2513 94 94
2514 8 98
2515 66 68
2516 5 6
2517 17 24
2518 38 4
2519 43 92
2520 8 70
2521 7 83
2522 95 84
2523 53 66
2524 100 67
2525 85 93
2526 70 82
2527 83 89
2528 94 42
2529 53 9
2530 18 100
2531 82 81
2532 93 91
2533 45 58
2534 51 42
2535 35 49
2536 36 63
2537 72 80
2538 69 45
2539 37 86
2540 98 9
2541 82 80
2542 71 95
2543 11 91
2544 70 84
2545 57 47
2546 30 7
2547 82 49
2548 66 4
2549 31 12
2550 73 18
2551 81 16
2552 75 58
2553 52 62
2554 47 43
2555 68 72
2556 1 32
2557 68 69
2558 15 65
2559 27 1
2560 0 75
2561 29 22
2562 76 54
2563 47 13
2564 94 33
2565 72 23
2566 30 50
2567 7 50
2568 93 47
2569 97 80
2570 35 64
2571 61 3
2572 69 75
2573 72 74
2574 17 44
2575 90 52
2576 76 41
2577 46 89
2578 63 92
2579 89 24
2580 93 36
2581 29 11
2582 43 35
2583 37 10
2584 80 72
2585 87 34
2586 54 37
2587 18 23
2588 88 99
2589 20 51
2590 20 14
2591 23 32
2592 78 84
2593 81 55
2594 3 37
2595 0 56
2596 75 27
2597 35 12
2598 24 86
2599 36 35
2600 47 51
2601 50 67
2602 73 71
2603 60 86
2604 84 8
2605 21 10
2606 87 41
2607 88 15
2608 55 76
2609 88 16
2610 47 69
2611 82 45
2612 17 41
2613 10 74
2614 39 58
2615 93 26
2616 86 66
2617 73 40
2618 11 84
2619 10 10
2620 6 22
2621 69 88
2622 6 71
2623 91 55
2624 76 30
2625 43 74
2626 76 86
2627 66 34
2628 8 38
2629 6 28
2630 48 93
2631 52 75
2632 95 87
2633 73 9
2634 35 65
2635 13 26
2636 8 31
2637 6 20
2638 72 33
2639 31 46
2640 57 1
2641 83 1
2642 51 91
2643 100 37
2644 73 44
2645 73 72
2646 97 81
2647 25 76
2648 91 4
2649 21 0
2650 63 3
2651 77 48
2652 18 61
2653 75 39
2654 6 3
2655 91 66
2656 12 58
2657 60 54
2658 7 77
2659 74 62
2660 52 60
2661 13 94
2662 7 50
2663 1 3
2664 67 31
2665 22 31
2666 99 94
2667 2 71
2668 46 85
2669 0 30
2670 77 10
2671 3 1
2672 7 85
2673 89 46
2674 49 91
2675 99 4
2676 36 0
2677 18 41
2678 58 87
2679 91 26
2680 24 85
2681 70 85
2682 34 62
2683 30 33
2684 19 60
2685 66 47
2686 51 9
2687 10 29
2688 36 69
2689 83 23
2690 15 78
2691 52 19
2692 59 62
2693 87 10
2694 26 26
2695 77 2
2696 71 39
2697 5 4
2698 70 21
2699 15 65
2700 67 39
2701 38 94
2702 98 24
2703 84 29
2704 13 17
2705 83 18
2706 26 71
2707 3 11
2708 53 15
2709 82 24
2710 43 27
2711 36 13
2712 77 60
2713 59 85
2714 32 64
2715 2 27
2716 82 87
2717 1 74
2718 39 11
2719 16 17
2720 57 91
2721 27 1
2722 89 98
2723 69 79
2724 5 6
2725 10 77
2726 35 16
2727 36 60
2728 31 23
2729 42 83
2730 21 24
2731 70 18
2732 76 56
2733 2 9
2734 2 45
2735 20 54
2736 35 100
2737 91 49
2738 41 81
2739 98 76
2740 6 94
2741 65 67
2742 64 89
2743 26 83
2744 79 21
2745 2 19
2746 77 22
2747 45 93
2748 18 22
2749 3 93
2750 31 18
2751 9 11
2752 88 34
2753 31 40
2754 84 80
2755 24 1
2756 53 93
2757 1 23
2758 72 13
2759 29 21
2760 10 63
2761 13 13
2762 71 69
2763 7 7
2764 57 5
2765 34 91
2766 79 59
2767 15 73
2768 61 62
2769 55 25
2770 53 26
2771 60 88
2772 0 10
2773 99 41
2774 24 47
2775 76 72
2776 13 60
2777 1 97
2778 100 77
2779 44 12
2780 93 49
2781 54 80
2782 55 76
2783 94 76
2784 70 23
2785 28 16
2786 43 89
2787 23 22
2788 55 44
2789 35 77
2790 88 70
2791 95 85
2792 98 95
2793 31 19
2794 6 91
2795 22 43
2796 45 29
2797 65 85
2798 23 97
2799 1 25
2800 43 68
2801 86 32
2802 69 38
2803 62 68
2804 15 76
2805 29 83
2806 0 75
2807 89 4
2808 34 15
2809 74 15
2810 52 74
2811 51 62
2812 84 57
2813 19 11
2814 12 49
2815 72 61
2816 57 41
2817 9 1
2818 7 20
2819 71 15
2820 46 51
2821 85 5
2822 77 51
2823 75 29
2824 57 29
2825 35 46
2826 64 17
2827 36 36
2828 24 89
2829 92 90
2830 11 19
2831 41 31
2832 40 90
2833 100 11
2834 58 9
2835 5 46
2836 59 30
2837 86 58
2838 58 27
2839 23 63
2840 22 50
2841 80 61
2842 72 58
2843 4 15
2844 27 4
2845 96 76
2846 33 71
2847 3 56
2848 1 97
2849 42 0
2850 33 68
2851 26 2
2852 31 69
2853 44 52
2854 63 11
2855 98 28
2856 84 19
2857 74 8
2858 8 9
2859 58 64
2860 69 6
2861 81 82
2862 53 89
2863 9 90
2864 51 95
2865 14 73
2866 85 60
2867 42 84
2868 96 96
2869 10 22
2870 82 57
2871 23 90
2872 83 66
2873 14 0
2874 25 14
2875 53 12
2876 99 70
2877 14 53
2878 72 79
2879 17 10
2880 100 2
2881 12 92
2882 1 72
2883 64 22
2884 67 41
2885 89 52
2886 55 82
2887 45 0
2888 31 91
2889 97 57
2890 82 96
2891 7 9
2892 83 34
2893 98 49
2894 70 25
2895 19 52
2896 44 61
2897 53 42
2898 21 24
2899 53 83
2900 13 22
2901 66 48
2902 39 71
2903 48 70
2904 40 26
2905 71 91
2906 24 80
2907 74 80
2908 64 59
2909 61 19
2910 69 13
2911 84 21
2912 5 49
2913 9 29
2914 47 85
2915 12 79
2916 32 27
2917 77 27
2918 22 17
2919 83 50
2920 41 66
2921 9 81
2922 99 78
2923 67 78
2924 5 6
2925 6 42
2926 96 67
2927 48 20
2928 90 85
2929 65 30
2930 51 56
2931 9 39
2932 66 8
2933 24 97
2934 41 76
2935 78 67
2936 64 73
2937 26 100
2938 41 23
2939 80 42
2940 14 76
2941 1 46
2942 28 29
2943 19 84
2944 80 9
2945 43 71
2946 20 53
2947 7 64
2948 18 7
2949 21 35
2950 0 38
2951 28 74
2952 11 30
2953 26 57
2954 66 86
2955 82 54
2956 38 67
2957 52 26
2958 30 55
2959 50 67
2960 19 20
2961 17 20
2962 47 99
2963 59 20
2964 70 88
2965 83 9
2966 47 49
2967 88 16
2968 86 53
2969 64 44
2970 82 17
2971 88 37
2972 45 6
2973 57 43
2974 70 83
2975 13 100
2976 86 94
2977 31 26
2978 6 7
2979 72 1
2980 90 29
2981 43 61
2982 79 77
2983 90 66
2984 80 71
2985 93 79
2986 84 33
2987 68 33
2988 60 72
2989 93 84
2990 15 50
2991 43 46
2992 77 86
2993 15 50
2994 94 39
2995 90 1
2996 3 41
2997 68 99
2998 16 6
2999 64 85
3000 71 20
3001 52 67
3002 12 85
3003 57 52
3004 30 33
3005 57 55
3006 91 32
3007 10 100
3008 8 71
3009 78 55
3010 62 72
3011 43 3
3012 20 56
3013 65 91
3014 7 15
3015 60 73
3016 10 7
3017 36 45
3018 73 35
3019 21 64
3020 82 66
3021 9 74
3022 23 81
3023 61 80
3024 92 15
3025 100 86
3026 98 98
3027 50 56
3028 71 76
3029 99 49
3030 90 52
3031 15 18
3032 41 29
3033 92 99
3034 59 96
3035 41 14
3036 50 27
3037 7 64
3038 85 3
3039 60 84
3040 44 19
3041 96 84
3042 31 5
3043 93 32
3044 32 66
3045 98 50
3046 93 77
3047 10 2
3048 87 91
3049 90 94
3050 52 36
3051 36 36
3052 56 74
3053 77 43
3054 39 60
3055 24 1
3056 50 54
3057 82 52
3058 7 63
3059 23 22
3060 98 57
3061 75 24
3062 90 21
3063 95 44
3064 16 5
3065 30 58
3066 20 39
3067 76 24
3068 43 58
3069 60 25
3070 92 26
3071 10 41
3072 93 28
3073 69 79
3074 14 55
3075 40 86
3076 16 44
3077 15 90
3078 26 89
3079 88 100
3080 96 21
3081 79 70
3082 79 56
3083 41 56
3084 7 9
3085 62 54
3086 66 26
3087 0 90
3088 41 30
3089 2 12
3090 90 65
3091 50 70
3092 7 38
3093 52 47
3094 74 66
3095 25 57
3096 73 44
3097 89 81
3098 38 12
3099 63 84
3100 57 45
3101 77 65
3102 90 21
3103 20 92
3104 31 0
3105 33 43
3106 30 77
3107 76 85
3108 32 53
3109 5 39
3110 41 43
3111 41 95
3112 59 17
3113 27 58
3114 38 93
3115 69 15
3116 17 25
3117 31 82
3118 51 36
3119 85 14
3120 49 63
3121 53 77
3122 100 64
3123 14 37
3124 19 33
3125 32 32
3126 52 80
3127 16 44
3128 51 91
3129 46 38
3130 63 77
3131 100 38
3132 13 52
3133 33 21
3134 97 25
3135 63 62
3136 21 14
3137 95 2
3138 15 91
3139 3 12
3140 52 71
3141 32 3
3142 62 19
3143 73 76
3144 54 93
3145 55 63
3146 50 26
3147 59 86
3148 33 61
3149 94 33
3150 55 62
3151 40 5
3152 36 21
3153 93 89
3154 46 14
3155 88 28
3156 0 12
3157 73 84
3158 47 97
3159 65 53
3160 2 51
3161 53 25
3162 85 10
3163 93 65
3164 59 14
3165 89 16
3166 48 79
3167 68 38
3168 49 84
3169 9 25
3170 25 61
3171 25 12
3172 48 29
3173 51 64
3174 45 40
3175 26 8
3176 70 90
3177 76 38
3178 12 30
3179 7 49
3180 36 68
3181 93 44
3182 54 44
3183 59 71
3184 16 4
3185 83 92
3186 1 32
3187 94 32
3188 68 8
3189 46 60
3190 60 84
3191 20 34
3192 20 35
3193 100 2
3194 78 51
3195 3 89
3196 13 56
3197 84 54
3198 79 21
3199 36 36
3200 13 29
3201 91 45
3202 87 40
3203 89 43
3204 43 10
3205 51 31
3206 27 26
3207 85 50
3208 3 75
3209 54 72
3210 73 54
3211 67 92
3212 62 66
3213 59 5
3214 1 60
3215 89 69
3216 98 65
3217 47 43
3218 14 4
3219 14 54
3220 20 3
3221 72 24
3222 27 6
3223 93 53
3224 62 21
3225 23 76
3226 86 33
3227 34 1
3228 78 25
3229 84 71
3230 20 51
3231 32 22
3232 48 43
3233 49 67
3234 27 76
3235 31 65
3236 21 90
3237 55 84
3238 36 48
3239 81 19
3240 86 98
3241 84 41
3242 44 84
3243 56 9
3244 22 73
3245 64 65
3246 69 56
3247 45 31
3248 15 25
3249 20 96
3250 4 30
3251 99 75
3252 63 13
3253 23 36
3254 6 59
3255 21 82
3256 88 78
3257 69 16
3258 42 60
3259 22 12
3260 67 87
3261 97 17
3262 47 92
3263 5 36
3264 87 49
3265 53 78
3266 67 60
3267 80 57
3268 84 95
3269 32 89
3270 83 93
3271 8 86
3272 49 61
3273 57 82
3274 96 63
3275 13 68
3276 55 11
3277 48 21
3278 51 43
3279 18 11
3280 72 30
3281 80 79
3282 30 92
3283 53 78
3284 53 64
3285 54 64
3286 58 7
3287 3 77
3288 29 31
3289 17 37
3290 35 30
3291 27 16
3292 43 55
3293 50 2
3294 70 32
3295 60 90
3296 64 83
3297 92 9
3298 56 62
3299 0 86
3300 36 22
3301 97 74
3302 83 38
3303 83 58
3304 24 29
3305 33 18
3306 53 69
3307 63 50
3308 79 46
3309 2 73
3310 84 47
3311 44 61
3312 64 66
3313 35 90
3314 99 55
3315 40 94
3316 70 18
3317 87 29
3318 31 65
3319 51 39
3320 20 42
3321 54 62
3322 71 71
3323 88 40
3324 57 93
3325 99 19
3326 61 39
3327 73 0
3328 60 1
3329 12 36
3330 22 82
3331 31 57
3332 73 33
3333 76 94
3334 54 49
3335 55 98
3336 35 77
3337 2 15
3338 91 70
3339 79 60
3340 8 19
3341 34 85
3342 29 91
3343 67 20
3344 92 76
3345 57 22
3346 50 72
3347 77 74
3348 53 62
3349 76 65
3350 65 45
3351 50 57
3352 95 94
3353 62 18
3354 53 2
3355 37 90
3356 64 20
3357 91 40
3358 44 94
3359 11 44
3360 97 2
3361 84 3
3362 93 7
3363 85 27
3364 1 68
3365 69 29
3366 100 6
3367 21 2
3368 98 86
3369 10 43
3370 61 50
3371 20 28
3372 23 72
3373 72 78
3374 71 54
3375 47 19
3376 82 1
3377 72 77
3378 4 91
3379 64 4
3380 100 82
3381 92 39
3382 78 26
3383 63 82
3384 0 5
3385 13 25
3386 23 39
3387 31 26
3388 10 54
3389 78 95
3390 87 96
3391 74 78
3392 26 25
3393 38 62
3394 9 79
3395 86 97
3396 81 39
3397 99 6
3398 60 95
3399 28 10
3400 39 19
3401 2 65
3402 82 7
3403 75 8
3404 38 60
3405 98 25
3406 11 90
3407 91 47
3408 80 9
3409 22 14
3410 42 68
3411 37 68
3412 97 90
3413 58 9
3414 32 63
3415 68 33
3416 37 20
3417 81 14
3418 66 15
3419 15 29
3420 86 84
3421 46 5
3422 21 10
3423 87 37
3424 12 27
3425 7 42
3426 12 82
3427 55 22
3428 87 61
3429 97 61
3430 53 3
3431 6 67
3432 89 79
3433 85 21
3434 100 89
3435 26 30
3436 42 4
3437 1 61
3438 23 96
3439 60 23
3440 66 39
3441 43 9
3442 8 30
3443 58 71
3444 56 99
3445 7 37
3446 82 63
3447 9 11
3448 26 38
3449 44 13
3450 33 69
3451 99 81
3452 9 71
3453 19 75
3454 20 50
3455 89 5
3456 50 81
3457 12 45
3458 20 12
3459 97 28
3460 1 84
3461 31 45
3462 31 92
3463 66 36
3464 63 94
3465 76 30
3466 23 52
3467 49 40
3468 14 43
3469 89 88
3470 18 18
3471 4 17
3472 72 42
3473 3 89
3474 19 14
3475 7 84
3476 34 14
3477 40 46
3478 12 41
3479 77 50
3480 64 43
3481 44 35
3482 2 30
3483 36 31
3484 97 10
3485 11 3
3486 5 93
3487 10 83
3488 53 14
3489 73 25
3490 12 24
3491 44 17
3492 55 13
3493 89 22
3494 66 67
3495 94 29
3496 7 32
3497 64 17
3498 24 25
3499 82 14
3500 42 78
3501 64 23
3502 44 7
3503 12 92
3504 91 63
3505 52 43
3506 44 1
3507 73 33
3508 70 0
3509 3 25
3510 63 33
3511 43 69
3512 95 71
3513 28 10
3514 35 73
3515 50 76
3516 76 76
3517 52 26
3518 32 78
3519 84 100
3520 96 72
3521 96 47
3522 16 53
3523 69 78
3524 83 23
3525 97 43
3526 22 89
3527 6 79
3528 63 57
3529 37 64
3530 13 61
3531 43 98
3532 42 24
3533 49 89
3534 84 47
3535 95 59
3536 4 38
3537 27 63
3538 41 97
3539 76 89
3540 58 67
3541 64 70
3542 22 100
3543 75 66
3544 74 9
3545 0 23
3546 88 80
3547 29 83
3548 63 56
3549 88 25
3550 86 52
3551 3 62
3552 52 37
3553 4 41
3554 29 91
3555 90 61
3556 2 44
3557 1 39
3558 64 24
3559 82 33
3560 84 47
3561 93 75
3562 78 14
3563 9 72
3564 92 63
3565 60 60
3566 18 80
3567 26 61
3568 30 47
3569 99 91
3570 76 45
3571 76 29
3572 72 65
3573 56 99
3574 64 5
3575 75 37
3576 49 90
3577 48 0
3578 89 76
3579 33 6
3580 99 25
3581 79 40
3582 38 45
3583 91 10
3584 8 77
3585 94 53
3586 54 96
3587 0 58
3588 45 60
3589 67 20
3590 88 49
3591 83 68
3592 54 29
3593 90 87
3594 48 36
3595 93 52
3596 81 48
3597 8 88
3598 57 99
3599 1 19
3600 26 14
3601 57 0
3602 54 5
3603 38 81
3604 97 100
3605 81 23
3606 55 67
3607 8 70
3608 31 44
3609 52 100
3610 37 69
3611 85 62
3612 29 80
3613 21 33
3614 48 16
3615 50 77
3616 37 71
3617 12 76
3618 23 78
3619 60 38
3620 87 91
3621 4 52
3622 4 2
3623 99 63
3624 66 54
3625 94 8
3626 19 73
3627 52 35
3628 4 70
3629 82 40
3630 32 40
3631 4 5
3632 36 55
3633 14 70
3634 85 88
3635 8 96
3636 63 12
3637 25 6
3638 50 30
3639 32 91
3640 91 82
3641 76 53
3642 21 24
3643 27 82
3644 67 93
3645 59 17
3646 96 6
3647 69 32
3648 82 65
3649 20 19
3650 14 31
3651 53 65
3652 18 83
3653 72 27
3654 85 11
3655 61 35
3656 39 47
3657 8 98
3658 14 38
3659 91 96
3660 66 81
3661 48 35
3662 24 24
3663 49 91
3664 96 4
3665 62 28
3666 10 3
3667 47 52
3668 45 78
3669 5 37
3670 27 83
3671 40 70
3672 81 44
3673 58 38
3674 17 14
3675 82 1
3676 90 48
3677 1 43
3678 18 78
3679 10 5
3680 29 78
3681 18 37
3682 0 19
3683 5 91
3684 76 68
3685 86 0
3686 61 91
3687 73 37
3688 56 17
3689 7 53
3690 33 27
3691 51 18
3692 72 19
3693 97 27
3694 55 35
3695 84 67
3696 47 17
3697 80 32
3698 80 86
3699 62 56
3700 56 59
3701 49 33
3702 36 34
3703 52 94
3704 30 29
3705 39 31
3706 2 60
3707 79 79
3708 62 85
3709 76 56
3710 79 47
3711 53 84
3712 27 35
3713 58 45
3714 35 46
3715 7 74
3716 45 4
3717 54 47
3718 59 57
3719 9 42
3720 84 46
3721 31 80
3722 3 90
3723 74 63
3724 88 71
3725 67 59
3726 4 68
3727 92 64
3728 14 75
3729 44 31
3730 15 40
3731 77 11
3732 90 11
3733 92 51
3734 84 58
3735 77 59
3736 11 43
3737 54 84
3738 17 82
3739 87 40
3740 91 41
3741 13 61
3742 86 100
3743 60 24
3744 70 95
3745 59 92
3746 79 26
3747 0 85
3748 33 28
3749 20 71
3750 92 81
3751 81 83
3752 65 76
3753 29 18
3754 84 90
3755 57 62
3756 66 21
3757 6 33
3758 34 38
3759 18 65
3760 15 92
3761 22 69
3762 29 81
3763 89 3
3764 79 97
3765 49 65
3766 49 99
3767 87 100
3768 60 30
3769 41 82
3770 83 74
3771 1 51
3772 53 98
3773 42 58
3774 64 3
3775 59 7
3776 44 74
3777 5 98
3778 14 99
3779 40 86
3780 61 90
3781 80 20
3782 13 71
3783 41 12
3784 57 37
3785 19 33
3786 37 97
3787 49 19
3788 1 15
3789 46 29
3790 83 60
3791 0 99
3792 6 66
3793 87 87
3794 35 83
3795 25 71
3796 11 50
3797 22 25
3798 89 50
3799 13 54
3800 2 49
3801 47 5
3802 81 3
3803 49 46
3804 65 92
3805 25 82
3806 86 93
3807 31 2
3808 0 53
3809 89 49
3810 32 96
3811 47 59
3812 20 49
3813 50 87
3814 38 20
3815 30 89
3816 4 72
3817 77 33
3818 42 65
3819 59 0
3820 16 93
3821 35 12
3822 87 51
3823 69 83
3824 51 19
3825 76 48
3826 18 45
3827 23 46
3828 48 11
3829 4 7
3830 71 100
3831 61 9
3832 15 91
3833 50 82
3834 25 31
3835 3 97
3836 37 48
3837 55 62
3838 3 61
3839 14 38
3840 93 47
3841 83 1
3842 6 75
3843 26 52
3844 41 22
3845 41 66
3846 1 23
3847 91 37
3848 26 22
3849 86 81
3850 4 78
3851 23 83
3852 22 27
3853 7 50
3854 61 73
3855 57 40
3856 5 96
3857 50 51
3858 74 76
3859 27 25
3860 47 50
3861 6 18
3862 28 88
3863 38 70
3864 53 63
3865 40 49
3866 58 15
3867 60 84
3868 60 37
3869 9 63
3870 94 84
3871 14 27
3872 53 13
3873 16 14
3874 80 87
3875 7 84
3876 69 56
3877 72 84
3878 3 88
3879 19 76
3880 69 58
3881 30 82
3882 11 28
3883 1 58
3884 36 42
3885 21 51
3886 32 27
3887 0 73
3888 89 8
3889 7 70
3890 76 6
3891 0 73
3892 89 30
3893 95 72
3894 46 90
3895 78 42
3896 19 62
3897 89 40
3898 6 67
3899 79 29
3900 98 34
3901 97 22
3902 9 8
3903 57 44
3904 14 26
3905 16 7
3906 53 92
3907 55 74
3908 24 99
3909 98 55
3910 30 38
3911 45 45
3912 44 69
3913 7 49
3914 84 0
3915 52 89
3916 23 57
3917 72 92
3918 59 36
3919 8 33
3920 19 86
3921 10 76
3922 91 20
3923 42 79
3924 78 68
3925 60 60
3926 32 63
3927 48 84
3928 97 46
3929 47 7
3930 21 5
3931 28 51
3932 74 78
3933 72 99
3934 98 100
3935 91 54
3936 38 40
3937 26 50
3938 20 93
3939 56 29
3940 46 83
3941 26 59
3942 72 61
3943 82 82
3944 61 29
3945 65 18
3946 46 8
3947 0 1
3948 72 12
3949 78 47
3950 99 91
3951 51 4
3952 41 33
3953 55 13
3954 95 38
3955 52 85
3956 9 6
3957 59 33
3958 31 52
3959 66 69
3960 98 29
3961 4 19
3962 16 34
3963 28 94
3964 24 63
3965 55 36
3966 90 2
3967 91 41
3968 37 98
3969 11 50
3970 99 39
3971 54 6
3972 13 35
3973 16 0
3974 15 29
3975 28 35
3976 27 41
3977 77 98
3978 35 29
3979 17 47
3980 51 40
3981 81 36
3982 37 11
3983 62 85
3984 69 26
3985 30 13
3986 6 92
3987 51 45
3988 67 36
3989 77 0
3990 3 50
3991 14 31
3992 70 26
3993 60 69
3994 36 99
3995 78 54
3996 78 8
3997 73 4
3998 62 42
3999 39 43
4000 53 88
4001 47 15
4002 29 27
4003 77 96
4004 15 32
4005 14 70
4006 71 18
4007 22 81
4008 92 52
4009 36 64
4010 59 1
4011 71 49
4012 94 91
4013 73 82
4014 6 83
4015 58 90
4016 46 44
4017 0 51
4018 87 86
4019 51 8
4020 22 87
4021 81 1
4022 5 26
4023 76 19
4024 91 59
4025 97 20
4026 3 16
4027 50 70
4028 33 33
4029 55 93
4030 98 32
4031 31 57
4032 39 32
4033 17 69
4034 35 92
4035 8 54
4036 28 77
4037 27 22
4038 33 3
4039 95 37
4040 4 19
4041 17 48
4042 64 21
4043 32 47
4044 3 15
4045 74 62
4046 24 95
4047 15 0
4048 90 99
4049 25 22
4050 99 80
4051 100 6
4052 17 39
4053 25 88
4054 74 32
4055 48 93
4056 53 11
4057 75 56
4058 15 83
4059 5 6
4060 32 42
4061 59 63
4062 9 67
4063 22 96
4064 91 57
4065 93 63
4066 91 4
4067 71 97
4068 75 45
4069 32 32
4070 21 68
4071 32 7
4072 36 85
4073 9 46
4074 3 75
4075 76 94
4076 59 43
4077 94 8
4078 82 7
4079 70 37
4080 74 36
4081 72 78
4082 14 12
4083 16 75
4084 22 82
4085 68 99
4086 2 76
4087 7 77
4088 42 25
4089 86 8
4090 35 98
4091 70 77
4092 15 82
4093 48 0
4094 69 96
4095 38 44
4096 8 30
4097 51 44
4098 71 97
4099 47 31
4100 50 74
4101 96 94
4102 46 63
4103 17 95
4104 95 51
4105 39 86
4106 27 2
4107 93 81
4108 80 37
4109 31 90
4110 60 55
4111 18 10
4112 3 27
4113 23 63
4114 93 77
4115 25 63
4116 55 50
4117 17 67
4118 14 30
4119 49 14
4120 52 52
4121 78 19
4122 41 95
4123 71 45
4124 46 83
4125 76 11
4126 22 47
4127 9 31
4128 26 95
4129 86 25
4130 73 41
4131 28 42
4132 50 91
4133 36 88
4134 61 6
4135 3 11
4136 28 54
4137 21 31
4138 85 18
4139 38 73
4140 22 13
4141 79 95
4142 61 28
4143 69 50
4144 79 20
4145 81 21
4146 21 27
4147 79 43
4148 15 31
4149 88 77
4150 38 77
4151 87 61
4152 43 46
4153 59 18
4154 2 69
4155 9 83
4156 87 44
4157 27 96
4158 51 21
4159 20 78
4160 55 66
4161 94 18
4162 11 13
4163 0 78
4164 6 23
4165 34 48
4166 23 56
4167 24 79
4168 77 86
4169 67 25
4170 66 67
4171 49 18
4172 10 91
4173 21 22
4174 44 58
4175 46 72
4176 5 84
4177 90 19
4178 63 36
4179 22 93
4180 63 63
4181 79 6
4182 2 86
4183 60 6
4184 40 78
4185 94 52
4186 39 86
4187 25 87
4188 66 5
4189 67 99
4190 99 33
4191 51 76
4192 67 17
4193 1 15
4194 84 64
4195 98 51
4196 68 44
4197 18 85
4198 57 9
4199 98 81
4200 47 23
4201 77 45
4202 8 65
4203 94 65
4204 65 9
4205 91 65
4206 47 40
4207 66 66
4208 60 61
4209 82 24
4210 22 21
4211 97 56
4212 10 41
4213 44 57
4214 83 1
4215 88 30
4216 79 67
4217 0 22
4218 32 89
4219 12 96
4220 51 58
4221 26 67
4222 56 36
4223 47 46
4224 65 1
4225 40 31
4226 41 93
4227 25 81
4228 84 37
4229 48 40
4230 64 59
4231 78 44
4232 46 73
4233 15 60
4234 3 86
4235 57 77
4236 65 78
4237 57 20
4238 13 71
4239 26 77
4240 11 58
4241 46 97
4242 97 57
4243 55 81
4244 19 46
4245 62 58
4246 72 61
4247 20 100
4248 40 60
4249 5 37
4250 75 65
4251 94 62
4252 0 44
4253 10 13
4254 32 1
4255 41 5
4256 99 49
4257 45 4
4258 83 69
4259 73 52
4260 37 18
4261 96 72
4262 35 19
4263 83 71
4264 10 90
4265 86 28
4266 30 87
4267 74 45
4268 29 26
4269 62 33
4270 74 92
4271 23 16
4272 9 79
4273 7 38
4274 16 67
4275 74 39
4276 58 39
4277 89 9
4278 92 62
4279 32 41
4280 0 40
4281 100 68
4282 52 54
4283 49 80
4284 10 77
4285 92 50
4286 38 19
4287 36 55
4288 38 56
4289 15 6
4290 77 35
4291 42 20
4292 68 78
4293 37 54
4294 32 64
4295 19 18
4296 69 32
4297 39 75
4298 19 88
4299 61 24
4300 60 65
4301 69 6
4302 98 89
4303 12 60
4304 94 60
4305 80 16
4306 78 71
4307 66 22
4308 95 73
4309 85 65
4310 94 77
4311 78 48
4312 12 29
4313 62 80
4314 83 27
4315 8 40
4316 42 22
4317 26 99
4318 99 65
4319 44 97
4320 36 97
4321 29 84
4322 66 33
4323 70 47
4324 97 2
4325 19 39
4326 64 14
4327 91 45
4328 57 72
4329 57 41
4330 38 85
4331 71 94
4332 75 18
4333 33 44
4334 32 11
4335 17 42
4336 42 84
4337 27 30
4338 96 7
4339 0 63
4340 56 91
4341 69 4
4342 24 17
4343 39 23
4344 59 43
4345 94 66
4346 39 19
4347 28 68
4348 36 89
4349 15 75
4350 43 92
4351 69 48
4352 32 15
4353 58 77
4354 0 25
4355 44 30
4356 83 89
4357 3 97
4358 12 61
4359 74 43
4360 43 42
4361 16 56
4362 9 26
4363 95 11
4364 87 98
4365 55 44
4366 24 93
4367 17 65
4368 57 76
4369 91 33
4370 36 27
4371 53 37
4372 90 51
4373 54 64
4374 70 77
4375 94 44
4376 93 96
4377 56 0
4378 87 16
4379 62 33
4380 29 92
4381 3 83
4382 64 75
4383 67 29
4384 53 29
4385 67 60
4386 17 60
4387 31 21
4388 90 97
4389 37 16
4390 73 78
4391 88 30
4392 1 20
4393 14 59
4394 14 12
4395 59 26
4396 39 14
4397 7 96
4398 39 61
4399 50 35
4400 15 80
4401 57 70
4402 2 77
4403 27 66
4404 21 56
4405 3 85
4406 14 43
4407 88 69
4408 77 31
4409 53 39
4410 94 32
4411 79 48
4412 73 85
4413 96 19
4414 18 91
4415 36 93
4416 54 6
4417 4 11
4418 79 4
4419 69 45
4420 44 64
4421 86 84
4422 80 86
4423 63 48
4424 43 10
4425 99 81
4426 19 28
4427 12 59
4428 34 5
4429 49 22
4430 8 5
4431 54 54
4432 21 37
4433 48 76
4434 7 85
4435 9 61
4436 4 41
4437 16 47
4438 56 84
4439 9 12
4440 29 90
4441 28 96
4442 7 64
4443 56 81
4444 84 0
4445 66 74
4446 47 54
4447 89 25
4448 96 59
4449 62 32
4450 15 34
4451 43 67
4452 87 59
4453 61 70
4454 29 48
4455 46 25
4456 87 52
4457 48 57
4458 15 82
4459 91 91
4460 79 100
4461 74 56
4462 6 82
4463 63 54
4464 13 78
4465 96 13
4466 12 91
4467 89 82
4468 90 98
4469 70 20
4470 71 24
4471 17 61
4472 11 90
4473 37 23
4474 3 12
4475 72 68
4476 16 14
4477 56 33
4478 88 18
4479 5 45
4480 39 0
4481 45 31
4482 73 16
4483 72 86
4484 39 22
4485 37 21
4486 21 28
4487 69 3
4488 10 21
4489 77 99
4490 38 32
4491 41 57
4492 80 56
4493 82 41
4494 4 27
4495 49 100
4496 50 10
4497 33 62
4498 19 23
4499 85 59
4500 81 65
4501 83 69
4502 82 27
4503 18 67
4504 73 83
4505 51 73
4506 85 65
4507 36 30
4508 35 48
4509 72 72
4510 95 65
4511 31 3
4512 98 84
4513 23 0
4514 23 22
4515 73 45
4516 44 46
4517 98 74
4518 48 76
4519 23 4
4520 54 21
4521 38 1
4522 44 71
4523 9 74
4524 53 37
4525 37 69
4526 87 17
4527 29 67
4528 56 11
4529 45 51
4530 60 70
4531 16 63
4532 59 77
4533 31 43
4534 95 92
4535 97 44
4536 19 64
4537 75 53
4538 99 92
4539 49 91
4540 40 19
4541 18 20
4542 88 11
4543 4 68
4544 80 21
4545 40 64
4546 11 82
4547 41 40
4548 48 50
4549 40 18
4550 47 98
4551 65 79
4552 40 1
4553 59 28
4554 43 64
4555 6 57
4556 27 59
4557 37 59
4558 88 63
4559 43 42
4560 26 22
4561 85 12
4562 69 85
4563 92 12
4564 37 89
4565 65 60
4566 60 5
4567 1 24
4568 29 72
4569 25 6
4570 56 65
4571 38 49
4572 32 31
4573 7 65
4574 6 92
4575 58 5
4576 8 69
4577 75 100
4578 55 3
4579 17 62
4580 68 56
4581 51 2
4582 95 94
4583 77 99
4584 37 60
4585 100 99
4586 64 86
4587 26 6
4588 82 32
4589 63 89
4590 75 6
4591 88 18
4592 63 61
4593 35 59
4594 0 15
4595 68 90
4596 41 73
4597 39 32
4598 25 65
4599 80 36
4600 48 36
4601 65 49
4602 98 40
4603 56 71
4604 5 49
4605 87 10
4606 72 18
4607 85 11
4608 64 28
4609 49 70
4610 35 51
4611 99 42
4612 32 6
4613 5 80
4614 19 96
4615 92 12
4616 85 58
4617 70 36
4618 77 45
4619 20 1
4620 62 20
4621 20 20
4622 39 57
4623 41 24
4624 50 78
4625 93 66
4626 15 80
4627 56 62
4628 2 67
4629 88 70
4630 42 2
4631 59 15
4632 25 35
4633 88 63
4634 74 93
4635 86 97
4636 20 72
4637 64 12
4638 70 46
4639 65 34
4640 6 44
4641 67 76
4642 56 66
4643 70 78
4644 15 80
4645 51 33
4646 1 3
4647 42 46
4648 33 35
4649 22 27
4650 11 3
4651 22 26
4652 65 28
4653 45 54
4654 75 95
4655 25 13
4656 53 44
4657 53 40
4658 60 55
4659 47 13
4660 55 62
4661 72 7
4662 14 44
4663 40 47
4664 100 34
4665 52 59
4666 51 43
4667 10 1
4668 21 24
4669 42 42
4670 59 58
4671 47 22
4672 46 43
4673 63 96
4674 79 73
4675 86 7
4676 57 0
4677 51 41
4678 24 87
4679 97 86
4680 54 83
4681 50 13
4682 71 31
4683 93 27
4684 60 30
4685 32 56
4686 57 27
4687 53 87
4688 97 60
4689 20 22
4690 98 69
4691 46 97
4692 44 39
4693 10 86
4694 38 69
4695 92 98
4696 39 95
4697 66 99
4698 1 15
4699 36 66
4700 0 4
4701 79 89
4702 34 76
4703 27 51
4704 79 49
4705 78 87
4706 27 98
4707 43 92
4708 41 71
4709 67 27
4710 3 58
4711 18 18
4712 67 94
4713 28 17
4714 80 10
4715 46 35
4716 23 95
4717 94 10
4718 79 49
4719 78 47
4720 92 88
4721 71 92
4722 88 54
4723 43 48
4724 24 63
4725 15 23
4726 82 10
4727 71 4
4728 82 69
4729 81 7
4730 50 3
4731 88 20
4732 53 92
4733 36 36
4734 22 18
4735 41 55
4736 76 17
4737 47 58
4738 19 44
4739 2 71
4740 34 85
4741 65 17
4742 29 26
4743 43 76
4744 33 30
4745 1 46
4746 40 65
4747 22 69
4748 80 70
4749 92 45
4750 32 64
4751 83 5
4752 80 32
4753 23 97
4754 85 74
4755 30 43
4756 52 67
4757 78 95
4758 64 85
4759 39 52
4760 34 4
4761 50 89
4762 9 69
4763 35 63
4764 38 2
4765 72 58
4766 5 77
4767 59 30
4768 65 65
4769 9 77
4770 28 12
4771 27 15
4772 88 56
4773 3 12
4774 80 44
4775 69 64
4776 32 6
4777 34 89
4778 1 3
4779 99 54
4780 43 55
4781 62 20
4782 60 22
4783 1 54
4784 82 96
4785 10 38
4786 58 75
4787 71 51
4788 79 19
4789 60 92
4790 42 58
4791 80 100
4792 74 23
4793 89 61
4794 82 30
4795 88 15
4796 95 54
4797 51 65
4798 21 60
4799 14 13
4800 27 86
4801 39 88
4802 9 52
4803 92 15
4804 84 92
4805 29 20
4806 0 42
4807 26 100
4808 72 68
4809 95 66
4810 80 52
4811 59 77
4812 85 44
4813 49 13
4814 66 30
4815 43 26
4816 47 20
4817 3 97
4818 93 78
4819 30 39
4820 22 97
4821 27 71
4822 42 15
4823 13 30
4824 21 30
4825 44 36
4826 5 15
4827 54 51
4828 0 88
4829 92 71
4830 86 93
4831 91 65
4832 57 51
4833 68 41
4834 21 67
4835 78 51
4836 59 67
4837 60 26
4838 24 30
4839 37 89
4840 65 48
4841 21 0
4842 24 28
4843 13 9
4844 98 46
4845 5 96
4846 10 16
4847 34 69
4848 26 11
4849 2 85
4850 44 12
4851 77 93
4852 42 10
4853 55 68
4854 57 82
4855 65 53
4856 64 43
4857 13 75
4858 32 96
4859 49 69
4860 92 47
4861 12 96
4862 8 22
4863 7 1
4864 40 93
4865 46 63
4866 55 46
4867 45 37
4868 60 43
4869 27 92
4870 30 2
4871 99 55
4872 57 27
4873 62 81
4874 68 48
4875 24 46
4876 16 30
4877 15 47
4878 87 53
4879 90 35
4880 0 63
4881 93 45
4882 73 41
4883 48 52
4884 9 39
4885 63 44
4886 21 73
4887 36 6
4888 32 1
4889 0 86
4890 21 73
4891 71 16
4892 1 0
4893 20 28
4894 43 61
4895 2 45
4896 29 39
4897 48 44
4898 54 25
4899 45 87
4900 8 71
4901 14 32
4902 7 44
4903 98 41
4904 3 13
4905 60 43
4906 96 43
4907 54 22
4908 19 51
4909 22 18
4910 60 79
4911 43 46
4912 43 55
4913 27 24
4914 57 89
4915 41 95
4916 62 90
4917 40 17
4918 81 63
4919 0 11
4920 54 76
4921 6 20
4922 48 69
4923 84 60
4924 23 59
4925 92 76
4926 55 47
4927 48 65
4928 11 19
4929 32 54
4930 82 100
4931 48 82
4932 44 21
4933 69 12
4934 44 18
4935 88 84
4936 83 20
4937 81 12
4938 30 6
4939 38 90
4940 35 51
4941 15 17
4942 45 28
4943 4 59
4944 56 72
4945 20 23
4946 28 53
4947 19 80
4948 82 10
4949 95 81
4950 18 84
4951 56 42
4952 91 0
4953 85 26
4954 51 77
4955 25 79
4956 32 51
4957 18 39
4958 90 91
4959 36 74
4960 40 77
4961 55 48
4962 32 28
4963 42 97
4964 3 57
4965 87 92
4966 96 95
4967 89 73
4968 21 50
4969 14 16
4970 72 71
4971 65 78
4972 15 14
4973 12 3
4974 33 59
4975 95 15
4976 65 13
4977 60 42
4978 31 70
4979 90 36
4980 13 87
4981 14 85
4982 18 90
4983 34 39
4984 60 13
4985 19 46
4986 89 62
4987 92 81
4988 83 98
4989 27 42
4990 93 16
4991 43 0
4992 24 82
4993 41 63
4994 62 76
4995 22 81
4996 31 93
4997 36 56
4998 83 59
4999 26 24
5000 64 88