1 87 76
2 92 8
3 47 12
4 26 86
5 13 60
6 74 63
7 83 86
8 56 7
9 21 50
10 44 22
11 37 75
12 51 12
13 67 83
14 8 30
15 81 31
16 9 81
17 43 54
18 57 26
19 40 65
20 3 36
21 21 47
22 56 88
23 48 92
24 75 1
25 23 85
26 41 11
27 99 22
28 83 67
29 80 81
30 52 45
31 49 20
32 25 64
33 76 10
34 62 50
35 20 19
36 20 5
37 96 18
38 56 25
39 30 5
40 89 68
41 29 91
42 36 14
43 98 63
44 1 52
45 33 11
46 38 16
47 58 94
48 6 69
49 7 93
50 4 56
51 38 33
52 88 22
53 34 83
54 58 0
55 70 41
56 45 70
57 95 90
58 77 9
59 46 11
60 78 5
61 41 82
62 59 12
63 25 36
64 90 48
65 74 51
66 74 5
67 30 47
68 85 99
69 0 52
70 35 45
71 2 85
72 38 17
73 4 11
74 11 22
75 49 41
76 70 75
77 54 47
78 74 85
79 33 1
80 39 81
81 16 72
82 47 65
83 4 65
84 57 18
85 84 36
86 31 80
87 35 5
88 12 74
89 28 37
90 77 100
91 78 32
92 78 31
93 59 51
94 77 70
95 39 87
96 42 21
97 27 100
98 48 99
99 87 30
100 19 36
101 89 36
102 68 4
103 76 99
104 39 30
105 78 100
106 73 83
107 60 54
108 100 29
109 89 29
110 40 29
111 18 26
112 11 58
113 54 85
114 88 65
115 70 60
116 58 7
117 0 99
118 88 90
119 44 27
120 19 19
121 73 16
122 90 8
123 10 65
124 71 76
125 47 88
126 25 17
127 47 27
128 74 74
129 35 22
130 18 12
131 38 7
132 78 55
133 35 21
134 26 17
135 85 13
136 96 44
137 64 85
138 5 12
139 73 67
140 11 80
141 28 16
142 31 34
143 2 26
144 76 91
145 36 85
146 50 39
147 31 71
148 5 54
149 42 95
150 2 20
151 30 16
152 92 95
153 11 84
154 87 42
155 27 83
156 27 51
157 24 73
158 46 83
159 15 73
160 2 20
161 25 96
162 40 27
163 4 9
164 76 36
165 50 72
166 80 26
167 11 6
168 63 96
169 72 56
170 75 65
171 47 85
172 35 68
173 43 28
174 59 51
175 36 33
176 33 74
177 52 94
178 62 50
179 3 8
180 100 56
181 73 42
182 9 35
183 49 47
184 7 94
185 62 92
186 91 98
187 74 42
188 96 93
189 92 34
190 50 51
191 92 92
192 18 43
193 73 48
194 84 72
195 22 58
196 88 87
197 35 68
198 13 92
199 15 28
200 7 55
201 44 95
202 72 24
203 24 89
204 63 46
205 44 29
206 45 9
207 41 99
208 60 94
209 23 24
210 1 88
211 26 93
212 82 68
213 9 53
214 99 26
215 71 46
216 12 64
217 41 10
218 87 38
219 68 64
220 39 71
221 34 8
222 47 53
223 41 59
224 74 12
225 51 97
226 22 74
227 58 68
228 9 2
229 40 81
230 81 42
231 78 65
232 52 13
233 1 18
234 34 53
235 91 20
236 9 25
237 79 66
238 5 56
239 14 51
240 29 24
241 12 83
242 47 8
243 7 21
244 58 98
245 15 17
246 79 58
247 1 81
248 62 50
249 96 28
250 65 88
251 81 86
252 75 50
253 18 26
254 46 60
255 29 52
256 99 48
257 12 16
258 91 38
259 31 10
260 67 95
261 45 62
262 68 97
263 31 19
264 12 35
265 17 37
266 39 38
267 41 58
268 72 17
269 91 26
270 31 27
271 32 56
272 88 91
273 21 100
274 56 11
275 5 16
276 64 32
277 36 41
278 43 45
279 82 8
280 11 44
281 4 83
282 48 94
283 82 46
284 22 1
285 79 39
286 84 57
287 19 74
288 14 57
289 9 42
290 12 47
291 57 1
292 57 70
293 11 100
294 28 58
295 34 22
296 38 67
297 89 99
298 31 70
299 74 99
300 7 60
301 35 25
302 58 89
303 18 63
304 1 15
305 48 19
306 19 25
307 12 43
308 40 54
309 76 57
310 68 56
311 82 25
312 33 59
313 68 69
314 60 26
315 77 13
316 70 77
317 28 2
318 54 40
319 70 51
320 64 30
321 41 0
322 20 44
323 67 77
324 8 47
325 27 40
326 67 42
327 17 53
328 78 5
329 33 57
330 77 91
331 14 74
332 36 0
333 17 49
334 2 24
335 2 57
336 73 90
337 92 18
338 85 19
339 88 91
340 98 67
341 96 36
342 96 91
343 88 0
344 76 20
345 86 45
346 26 10
347 12 18
348 43 18
349 24 77
350 74 65
351 25 13
352 37 20
353 79 42
354 6 54
355 98 96
356 34 27
357 86 64
358 91 24
359 71 73
360 81 94
361 3 84
362 90 7
363 66 71
364 58 38
365 73 80
366 30 59
367 45 17
368 64 25
369 66 21
370 12 1
371 41 70
372 65 8
373 54 30
374 57 65
375 48 97
376 81 34
377 11 85
378 82 71
379 63 80
380 36 50
381 81 20
382 81 98
383 11 94
384 64 84
385 59 63
386 8 33
387 63 92
388 80 96
389 99 92
390 14 99
391 74 14
392 5 10
393 13 44
394 100 2
395 52 38
396 69 9
397 18 74
398 57 56
399 52 55
400 88 36
401 97 82
402 62 47
403 62 62
404 75 11
405 98 14
406 35 30
407 66 98
408 25 61
409 41 38
410 62 46
411 75 8
412 84 93
413 21 77
414 55 39
415 74 99
416 90 13
417 50 83
418 30 26
419 36 33
420 53 3
421 8 28
422 74 72
423 20 1
424 11 35
425 22 17
426 82 99
427 71 86
428 30 88
429 96 80
430 28 39
431 94 77
432 77 10
433 93 13
434 34 55
435 52 0
436 90 87
437 60 50
438 80 72
439 55 26
440 29 26
441 53 37
442 9 50
443 5 74
444 83 36
445 44 6
446 3 9
447 1 80
448 9 60
449 80 3
450 90 37
451 88 39
452 61 84
453 76 16
454 48 54
455 98 25
456 36 14
457 20 5
458 59 48
459 90 29
460 39 44
461 53 59
462 8 7
463 38 28
464 66 36
465 59 29
466 14 3
467 51 49
468 36 69
469 63 42
470 55 13
471 75 90
472 23 60
473 73 91
474 84 97
475 0 8
476 62 79
477 55 47
478 68 29
479 76 21
480 22 42
481 87 7
482 16 73
483 84 53
484 28 97
485 24 68
486 19 76
487 22 82
488 98 74
489 49 69
490 25 79
491 59 18
492 96 13
493 85 82
494 30 57
495 9 68
496 1 80
497 80 54
498 55 59
499 23 49
500 48 70
501 29 47
502 58 66
503 57 30
504 62 88
505 72 78
506 31 31
507 48 82
508 12 55
509 95 67
510 74 44
511 16 99
512 65 74
513 73 75
514 22 93
515 100 87
516 81 73
517 40 54
518 54 16
519 49 69
520 1 21
521 72 28
522 60 77
523 61 51
524 53 69
525 97 98
526 48 94
527 79 29
528 51 48
529 67 18
530 96 23
531 19 40
532 92 12
533 72 68
534 96 30
535 86 84
536 51 54
537 40 26
538 12 43
539 60 8
540 12 16
541 25 27
542 29 6
543 39 75
544 52 61
545 20 52
546 100 87
547 70 66
548 21 62
549 35 4
550 99 23
551 96 55
552 1 87
553 100 57
554 61 45
555 22 88
556 87 74
557 44 9
558 27 29
559 91 83
560 27 41
561 47 4
562 89 7
563 81 9
564 57 59
565 10 22
566 42 89
567 83 86
568 62 42
569 33 28
570 58 76
571 97 23
572 48 14
573 10 37
574 64 89
575 5 52
576 53 89
577 4 81
578 52 62
579 15 73
580 48 36
581 53 62
582 78 84
583 15 32
584 45 58
585 23 85
586 68 82
587 55 40
588 79 95
589 75 75
590 39 57
591 91 66
592 58 38
593 98 66
594 52 63
595 35 5
596 11 94
597 11 71
598 43 58
599 41 46
600 97 69
601 54 69
602 65 80
603 67 43
604 50 70
605 100 4
606 50 17
607 14 95
608 4 40
609 86 34
610 100 92
611 44 53
612 24 42
613 42 86
614 18 57
615 78 73
616 66 18
617 95 94
618 46 7
619 89 46
620 22 9
621 22 62
622 60 56
623 77 87
624 29 57
625 15 57
626 34 34
627 3 99
628 87 93
629 94 36
630 38 1
631 62 2
632 11 76
633 64 80
634 40 82
635 59 51
636 4 39
637 0 81
638 5 26
639 23 35
640 9 83
641 31 79
642 15 30
643 56 31
644 52 92
645 2 75
646 74 1
647 94 3
648 51 3
649 2 76
650 12 57
651 55 81
652 96 53
653 19 30
654 28 56
655 36 72
656 40 26
657 15 40
658 93 76
659 83 72
660 31 22
661 25 26
662 93 11
663 55 68
664 100 45
665 42 20
666 42 34
667 1 52
668 51 95
669 72 89
670 88 58
671 81 58
672 73 11
673 67 51
674 36 68
675 39 98
676 79 24
677 77 28
678 46 29
679 65 71
680 95 64
681 88 43
682 55 77
683 1 3
684 83 13
685 96 32
686 52 6
687 98 90
688 33 46
689 94 77
690 30 53
691 25 79
692 68 23
693 62 63
694 30 78
695 91 6
696 42 88
697 95 63
698 2 31
699 57 32
700 43 28
701 58 18
702 79 69
703 15 82
704 34 80
705 41 27
706 57 89
707 13 21
708 95 83
709 71 24
710 28 9
711 38 72
712 41 27
713 95 31
714 5 34
715 81 2
716 19 30
717 53 25
718 100 37
719 34 28
720 67 21
721 63 93
722 19 80
723 78 5
724 75 18
725 47 70
726 79 14
727 94 18
728 43 51
729 82 78
730 17 36
731 13 90
732 58 28
733 12 22
734 51 59
735 31 94
736 93 19
737 38 95
738 32 75
739 24 47
740 62 92
741 23 81
742 24 22
743 67 47
744 76 93
745 34 44
746 56 43
747 38 2
748 46 94
749 70 87
750 92 51
751 88 50
752 44 30
753 37 61
754 36 14
755 1 62
756 54 89
757 29 68
758 100 19
759 5 2
760 45 45
761 51 25
762 27 82
763 39 92
764 50 65
765 71 52
766 80 41
767 26 60
768 99 69
769 34 62
770 8 56
771 67 38
772 68 72
773 96 52
774 57 5
775 57 99
776 82 36
777 18 44
778 80 58
779 39 60
780 47 92
781 26 6
782 27 16
783 97 60
784 9 100
785 88 17
786 4 7
787 55 77
788 44 79
789 80 26
790 78 26
791 55 47
792 17 64
793 62 84
794 21 7
795 4 28
796 7 86
797 78 44
798 1 22
799 37 89
800 71 14
801 88 87
802 6 34
803 84 84
804 77 98
805 59 90
806 14 43
807 52 17
808 13 67
809 38 20
810 100 14
811 82 63
812 8 60
813 26 70
814 98 49
815 86 69
816 58 50
817 51 26
818 99 56
819 83 79
820 77 72
821 67 42
822 34 14
823 5 99
824 68 84
825 82 58
826 82 51
827 13 96
828 30 92
829 52 90
830 63 5
831 97 66
832 88 93
833 88 17
834 22 87
835 8 41
836 2 80
837 52 6
838 93 12
839 4 89
840 62 17
841 32 71
842 86 29
843 79 98
844 58 12
845 34 70
846 85 60
847 57 36
848 94 53
849 69 35
850 65 3
851 74 5
852 99 34
853 4 94
854 51 43
855 61 41
856 34 0
857 71 70
858 44 66
859 63 69
860 34 22
861 55 34
862 59 48
863 46 74
864 56 93
865 75 20
866 12 72
867 55 46
868 84 12
869 50 32
870 64 43
871 14 75
872 77 31
873 22 0
874 97 37
875 22 69
876 49 41
877 75 10
878 19 63
879 2 14
880 15 60
881 34 34
882 57 52
883 21 16
884 6 36
885 59 62
886 35 4
887 7 38
888 15 99
889 75 68
890 62 7
891 23 33
892 69 38
893 5 48
894 8 91
895 72 49
896 69 92
897 65 10
898 89 86
899 19 87
900 42 1
901 28 38
902 14 64
903 13 69
904 19 58
905 0 1
906 3 39
907 0 61
908 57 6
909 31 54
910 87 33
911 35 17
912 18 42
913 49 17
914 5 61
915 45 60
916 45 4
917 59 51
918 34 74
919 43 7
920 33 77
921 26 35
922 45 30
923 26 45
924 30 4
925 53 54
926 99 4
927 1 33
928 83 60
929 12 24
930 13 8
931 35 29
932 41 45
933 59 22
934 56 20
935 17 12
936 10 53
937 97 74
938 53 8
939 20 80
940 56 95
941 87 18
942 91 20
943 7 64
944 48 27
945 70 71
946 46 23
947 92 1
948 78 68
949 87 61
950 7 60
951 54 100
952 12 75
953 42 79
954 26 65
955 96 74
956 15 82
957 44 49
958 65 95
959 19 42
960 48 49
961 99 33
962 60 13
963 31 88
964 72 16
965 51 40
966 71 100
967 35 21
968 31 11
969 67 46
970 46 46
971 27 60
972 49 27
973 72 3
974 21 93
975 31 21
976 50 73
977 80 2
978 1 17
979 86 95
980 7 63
981 2 64
982 75 37
983 99 83
984 56 87
985 27 91
986 63 21
987 72 26
988 50 40
989 100 38
990 16 46
991 37 54
992 76 49
993 75 38
994 17 33
995 54 95
996 89 10
997 84 73
998 50 14
999 53 59
1000 29 11
1001 20 43
1002 67 82
1003 52 90
1004 50 88
1005 86 28
1006 47 52
1007 100 26
1008 32 7
1009 53 40
1010 71 45
1011 95 62
1012 14 18
1013 86 26
1014 93 60
1015 32 68
1016 51 1
1017 64 53
1018 81 28
1019 72 64
1020 74 74
1021 87 92
1022 12 67
1023 26 56
1024 38 77
1025 53 9
1026 87 13
1027 76 15
1028 38 15
1029 55 96
1030 77 66
1031 49 48
1032 86 92
1033 90 14
1034 65 42
1035 31 92
1036 2 38
1037 83 80
1038 37 87
1039 100 28
1040 54 94
1041 19 31
1042 76 77
1043 94 92
1044 45 96
1045 68 84
1046 77 44
1047 83 51
1048 28 31
1049 24 38
1050 87 7
1051 21 22
1052 28 17
1053 91 37
1054 33 87
1055 32 9
1056 75 18
1057 72 73
1058 88 36
1059 51 67
1060 44 51
1061 7 31
1062 83 87
1063 89 62
1064 41 69
1065 84 51
1066 10 3
1067 11 69
1068 3 96
1069 86 62
1070 51 42
1071 47 65
1072 81 45
1073 36 83
1074 9 10
1075 47 77
1076 56 92
1077 97 73
1078 28 21
1079 62 49
1080 81 71
1081 11 21
1082 25 66
1083 69 33
1084 46 32
1085 65 15
1086 42 28
1087 70 75
1088 72 52
1089 31 45
1090 98 65
1091 18 82
1092 73 65
1093 92 54
1094 6 18
1095 63 87
1096 95 52
1097 87 95
1098 68 32
1099 5 37
1100 22 56
1101 41 66
1102 98 18
1103 46 29
1104 21 68
1105 88 58
1106 74 84
1107 95 78
1108 4 95
1109 77 98
1110 94 72
1111 67 80
1112 38 5
1113 46 86
1114 1 8
1115 63 29
1116 27 96
1117 50 67
1118 9 23
1119 38 44
1120 19 11
1121 51 36
1122 28 46
1123 1 97
1124 55 58
1125 17 69
1126 100 34
1127 65 77
1128 15 87
1129 99 30
1130 100 38
1131 19 27
1132 83 15
1133 88 49
1134 8 68
1135 60 7
1136 64 19
1137 8 8
1138 81 43
1139 25 73
1140 61 8
1141 73 40
1142 30 87
1143 61 99
1144 61 44
1145 30 94
1146 18 39
1147 71 68
1148 91 19
1149 45 78
1150 94 96
1151 38 68
1152 56 79
1153 11 53
1154 81 88
1155 44 83
1156 2 33
1157 6 69
1158 52 86
1159 81 26
1160 38 75
1161 71 16
1162 73 86
1163 27 65
1164 8 40
1165 95 5
1166 53 36
1167 72 26
1168 2 69
1169 76 6
1170 99 2
1171 43 17
1172 9 71
1173 76 99
1174 88 51
1175 69 94
1176 91 15
1177 22 91
1178 77 11
1179 88 35
1180 88 66
1181 23 60
1182 16 33
1183 20 35
1184 39 88
1185 49 62
1186 55 68
1187 60 98
1188 26 60
1189 92 83
1190 59 47
1191 6 71
1192 58 15
1193 20 73
1194 30 95
1195 89 62
1196 25 35
1197 36 100
1198 85 8
1199 10 86
1200 59 19
1201 9 46
1202 57 62
1203 26 0
1204 84 65
1205 95 7
1206 53 20
1207 5 11
1208 90 86
1209 91 84
1210 55 67
1211 24 80
1212 38 83
1213 27 85
1214 43 50
1215 68 56
1216 34 12
1217 63 30
1218 48 14
1219 59 31
1220 84 62
1221 47 66
1222 39 14
1223 46 13
1224 25 9
1225 1 22
1226 72 39
1227 9 2
1228 33 2
1229 26 4
1230 17 89
1231 64 95
1232 56 68
1233 33 36
1234 15 97
1235 44 15
1236 6 44
1237 51 35
1238 10 73
1239 77 0
1240 23 26
1241 4 70
1242 93 83
1243 30 98
1244 94 15
1245 75 40
1246 72 11
1247 19 96
1248 90 65
1249 51 99
1250 61 15
1251 95 19
1252 21 97
1253 62 0
1254 65 4
1255 95 23
1256 61 37
1257 67 14
1258 38 50
1259 99 16
1260 49 14
1261 37 38
1262 10 48
1263 37 26
1264 10 37
1265 50 10
1266 79 21
1267 72 47
1268 51 28
1269 45 16
1270 0 5
1271 0 8
1272 82 25
1273 75 31
1274 57 55
1275 4 19
1276 13 41
1277 40 39
1278 75 36
1279 30 44
1280 22 100
1281 41 46
1282 24 58
1283 13 71
1284 60 62
1285 82 35
1286 50 15
1287 60 34
1288 10 27
1289 77 33
1290 10 29
1291 86 57
1292 24 99
1293 63 26
1294 65 72
1295 44 99
1296 65 23
1297 10 31
1298 24 76
1299 68 66
1300 56 81
1301 3 39
1302 49 96
1303 46 57
1304 52 74
1305 5 98
1306 57 7
1307 15 62
1308 40 17
1309 89 63
1310 60 10
1311 38 85
1312 42 30
1313 42 44
1314 21 88
1315 99 95
1316 34 3
1317 98 78
1318 30 47
1319 46 23
1320 62 73
1321 9 99
1322 51 13
1323 46 40
1324 47 92
1325 54 64
1326 39 87
1327 82 34
1328 25 25
1329 74 52
1330 47 62
1331 38 34
1332 48 97
1333 74 38
1334 50 89
1335 81 21
1336 100 81
1337 63 49
1338 48 53
1339 26 79
1340 30 30
1341 6 25
1342 40 5
1343 54 44
1344 17 74
1345 76 57
1346 60 37
1347 28 53
1348 53 61
1349 36 49
1350 60 21
1351 80 75
1352 91 15
1353 4 32
1354 0 4
1355 40 30
1356 62 5
1357 87 27
1358 43 43
1359 21 74
1360 81 82
1361 80 64
1362 56 53
1363 47 40
1364 76 35
1365 63 35
1366 82 14
1367 31 17
1368 54 49
1369 91 55
1370 34 6
1371 49 22
1372 69 43
1373 40 20
1374 64 20
1375 37 11
1376 36 86
1377 58 31
1378 55 45
1379 22 11
1380 52 22
1381 88 55
1382 77 22
1383 56 49
1384 1 21
1385 20 19
1386 39 25
1387 71 85
1388 90 30
1389 66 8
1390 14 74
1391 11 49
1392 39 89
1393 34 10
1394 9 28
1395 6 71
1396 10 35
1397 60 78
1398 81 3
1399 34 51
1400 20 48
1401 85 79
1402 69 6
1403 55 48
1404 3 72
1405 7 51
1406 45 87
1407 14 12
1408 30 94
1409 39 29
1410 76 91
1411 23 91
1412 66 94
1413 30 69
1414 28 8
1415 90 84
1416 21 18
1417 13 62
1418 98 95
1419 6 31
1420 100 22
1421 100 6
1422 45 77
1423 85 89
1424 61 37
1425 23 69
1426 59 65
1427 71 75
1428 13 90
1429 44 24
1430 41 73
1431 18 44
1432 5 9
1433 47 81
1434 57 39
1435 7 23
1436 30 28
1437 63 19
1438 39 96
1439 2 29
1440 51 27
1441 39 51
1442 65 27
1443 76 8
1444 44 95
1445 9 49
1446 35 89
1447 19 84
1448 71 10
1449 30 60
1450 92 75
1451 53 40
1452 71 91
1453 55 34
1454 70 14
1455 27 82
1456 42 20
1457 36 49
1458 77 91
1459 44 45
1460 91 13
1461 91 89
1462 29 21
1463 25 34
1464 99 24
1465 64 41
1466 9 72
1467 17 68
1468 83 32
1469 3 30
1470 88 43
1471 94 25
1472 5 55
1473 80 1
1474 41 39
1475 70 96
1476 62 7
1477 83 70
1478 87 80
1479 41 10
1480 84 20
1481 28 72
1482 56 73
1483 56 53
1484 7 35
1485 62 97
1486 66 61
1487 36 32
1488 82 98
1489 85 75
1490 28 10
1491 23 49
1492 99 16
1493 25 56
1494 63 62
1495 89 6
1496 89 88
1497 97 74
1498 40 46
1499 78 44
1500 21 53
1501 23 61
1502 92 40
1503 49 44
1504 59 4
1505 59 3
1506 13 81
1507 86 44
1508 11 58
1509 75 73
1510 53 10
1511 56 45
1512 50 57
1513 88 11
1514 7 10
1515 0 71
1516 17 32
1517 73 63
1518 7 33
1519 43 90
1520 19 1
1521 2 97
1522 61 50
1523 68 29
1524 95 98
1525 88 8
1526 47 8
1527 74 79
1528 69 50
1529 54 37
1530 27 63
1531 66 80
1532 95 8
1533 55 72
1534 35 87
1535 33 29
1536 49 69
1537 5 19
1538 42 95
1539 51 7
1540 25 15
1541 27 22
1542 27 28
1543 36 0
1544 87 26
1545 52 26
1546 23 78
1547 17 30
1548 61 95
1549 60 82
1550 22 55
1551 38 75
1552 86 85
1553 27 82
1554 12 74
1555 98 60
1556 58 41
1557 31 60
1558 57 56
1559 18 66
1560 76 91
1561 30 28
1562 98 38
1563 62 34
1564 98 93
1565 57 43
1566 22 91
1567 97 29
1568 75 26
1569 100 12
1570 35 6
1571 71 4
1572 8 41
1573 88 94
1574 81 44
1575 13 77
1576 43 47
1577 41 99
1578 65 90
1579 31 37
1580 75 39
1581 39 60
1582 47 32
1583 0 26
1584 63 75
1585 93 34
1586 34 94
1587 76 11
1588 36 15
1589 1 14
1590 27 51
1591 32 28
1592 65 59
1593 89 90
1594 4 45
1595 100 64
1596 90 86
1597 86 8
1598 73 54
1599 13 55
1600 61 12
1601 20 51
1602 83 19
1603 46 52
1604 53 18
1605 14 55
1606 73 10
1607 99 70
1608 38 85
1609 53 74
1610 87 36
1611 60 18
1612 18 56
1613 70 90
1614 56 14
1615 88 1
1616 43 83
1617 62 36
1618 30 68
1619 100 80
1620 16 17
1621 0 23
1622 8 18
1623 25 13
1624 80 29
1625 25 95
1626 27 9
1627 16 5
1628 14 76
1629 79 20
1630 96 30
1631 85 87
1632 79 89
1633 80 62
1634 84 89
1635 98 2
1636 74 87
1637 13 85
1638 78 43
1639 79 20
1640 73 95
1641 8 11
1642 25 77
1643 46 56
1644 43 15
1645 92 59
1646 64 38
1647 90 67
1648 92 18
1649 6 47
1650 48 76
1651 73 75
1652 3 13
1653 77 84
1654 0 7
1655 74 66
1656 50 50
1657 38 41
1658 99 78
1659 5 42
1660 64 6
1661 68 4
1662 95 28
1663 58 31
1664 5 38
1665 34 35
1666 46 73
1667 9 17
1668 83 10
1669 95 53
1670 58 58
1671 97 3
1672 34 52
1673 26 77
1674 21 17
1675 58 23
1676 82 93
1677 38 100
1678 93 5
1679 48 19
1680 93 70
1681 75 92
1682 46 36
1683 84 75
1684 68 92
1685 78 22
1686 48 40
1687 85 11
1688 5 19
1689 51 17
1690 53 32
1691 69 65
1692 52 19
1693 17 85
1694 39 18
1695 77 56
1696 5 91
1697 22 52
1698 75 6
1699 43 83
1700 17 48
1701 41 86
1702 77 41
1703 34 67
1704 98 51
1705 60 21
1706 47 78
1707 61 26
1708 42 33
1709 58 41
1710 86 85
1711 86 89
1712 88 65
1713 15 67
1714 67 58
1715 8 85
1716 86 97
1717 13 69
1718 15 38
1719 49 7
1720 51 70
1721 41 82
1722 19 79
1723 62 98
1724 2 23
1725 98 57
1726 76 31
1727 31 14
1728 20 68
1729 32 71
1730 14 24
1731 68 69
1732 71 70
1733 41 71
1734 2 53
1735 25 93
1736 47 3
1737 32 8
1738 74 87
1739 11 63
1740 71 24
1741 37 56
1742 98 31
1743 41 95
1744 5 60
1745 10 42
1746 96 89
1747 52 12
1748 45 21
1749 36 18
1750 16 37
1751 89 85
1752 57 89
1753 44 52
1754 45 61
1755 70 97
1756 98 45
1757 76 23
1758 53 22
1759 54 32
1760 25 57
1761 83 44
1762 87 59
1763 52 66
1764 89 12
1765 10 97
1766 91 52
1767 75 24
1768 76 59
1769 81 79
1770 24 59
1771 55 26
1772 26 54
1773 45 7
1774 76 30
1775 20 68
1776 90 82
1777 10 23
1778 54 46
1779 88 20
1780 84 23
1781 34 37
1782 89 71
1783 72 46
1784 27 25
1785 1 68
1786 64 83
1787 99 28
1788 84 24
1789 55 71
1790 0 2
1791 69 82
1792 15 2
1793 81 23
1794 68 71
1795 96 42
1796 66 56
1797 97 98
1798 33 33
1799 34 58
1800 80 77
1801 95 73
1802 85 69
1803 77 52
1804 53 22
1805 71 53
1806 58 35
1807 57 37
1808 9 74
1809 46 24
1810 54 12
1811 17 98
1812 64 6
1813 47 77
1814 66 27
1815 25 42
1816 91 90
1817 15 40
1818 70 80
1819 51 50
1820 46 49
1821 26 32
1822 61 72
1823 4 82
1824 5 83
1825 59 32
1826 35 2
1827 48 100
1828 29 7
1829 23 29
1830 19 55
1831 42 98
1832 57 11
1833 70 1
1834 95 29
1835 64 84
1836 62 85
1837 35 84
1838 63 77
1839 9 78
1840 78 15
1841 43 43
1842 51 73
1843 80 89
1844 90 45
1845 25 75
1846 57 80
1847 9 54
1848 97 0
1849 99 56
1850 24 29
1851 31 54
1852 43 70
1853 74 31
1854 62 91
1855 8 50
1856 100 12
1857 40 91
1858 34 86
1859 28 72
1860 43 63
1861 80 4
1862 100 27
1863 2 65
1864 21 62
1865 25 76
1866 20 36
1867 45 8
1868 17 32
1869 84 37
1870 93 6
1871 97 94
1872 45 95
1873 86 1
1874 88 10
1875 93 17
1876 74 72
1877 32 48
1878 25 97
1879 87 34
1880 52 8
1881 20 71
1882 76 19
1883 58 45
1884 38 61
1885 96 65
1886 28 33
1887 87 42
1888 11 54
1889 75 53
1890 96 43
1891 78 84
1892 82 50
1893 99 26
1894 29 10
1895 50 59
1896 86 22
1897 13 55
1898 63 93
1899 40 37
1900 18 20
1901 0 68
1902 96 7
1903 22 43
1904 32 13
1905 68 79
1906 67 37
1907 4 71
1908 48 65
1909 60 35
1910 62 78
1911 87 5
1912 51 93
1913 27 75
1914 79 55
1915 92 77
1916 5 99
1917 7 49
1918 6 10
1919 57 9
1920 30 85
1921 2 79
1922 43 27
1923 8 94
1924 73 25
1925 47 51
1926 10 89
1927 12 62
1928 75 1
1929 96 38
1930 86 40
1931 23 31
1932 57 100
1933 68 17
1934 36 84
1935 23 9
1936 100 8
1937 42 23
1938 99 66
1939 92 68
1940 25 12
1941 2 31
1942 35 76
1943 93 80
1944 28 48
1945 24 13
1946 39 23
1947 80 62
1948 42 47
1949 19 60
1950 37 43
1951 91 79
1952 6 3
1953 93 75
1954 9 17
1955 29 13
1956 91 10
1957 29 69
1958 14 55
1959 43 36
1960 48 19
1961 64 72
1962 69 77
1963 68 27
1964 70 16
1965 30 83
1966 73 83
1967 59 19
1968 50 56
1969 40 15
1970 18 73
1971 57 78
1972 64 67
1973 94 80
1974 56 5
1975 45 31
1976 46 53
1977 20 31
1978 12 36
1979 49 40
1980 7 86
1981 44 35
1982 67 81
1983 63 67
1984 56 22
1985 95 18
1986 63 32
1987 65 18
1988 55 90
1989 4 21
1990 72 6
1991 85 71
1992 74 29
1993 62 33
1994 58 26
1995 63 4
1996 62 4
1997 72 33
1998 85 76
1999 32 26
2000 26 26
2001 9 54
2002 56 25
2003 34 70
2004 64 75
2005 20 27
2006 44 73
2007 68 36
2008 39 41
2009 14 24
2010 10 66
2011 82 66
2012 7 62
2013 24 65
2014 93 66
2015 76 56
2016 14 68
2017 15 34
2018 5 58
2019 30 61
2020 63 74
2021 83 61
2022 73 72
2023 40 55
2024 54 25
2025 77 59
2026 67 91
2027 61 53
2028 6 56
2029 8 45
2030 84 43
2031 79 60
2032 38 71
2033 49 92
2034 78 14
2035 59 45
2036 23 28
2037 12 5
2038 79 62
2039 73 89
2040 25 46
2041 14 38
2042 12 45
2043 14 38
2044 5 49
2045 1 90
2046 66 35
2047 41 0
2048 86 73
2049 57 54
2050 39 2
2051 57 29
2052 62 99
2053 11 9
2054 7 42
2055 22 28
2056 75 24
2057 92 14
2058 70 50
2059 5 6
2060 84 93
2061 31 34
2062 83 85
2063 67 99
2064 2 92
2065 94 8
2066 34 71
2067 88 13
2068 70 86
2069 53 82
2070 86 36
2071 38 49
2072 61 41
2073 86 68
2074 67 23
2075 15 6
2076 78 16
2077 73 40
2078 41 30
2079 22 80
2080 38 20
2081 35 70
2082 97 53
2083 25 85
2084 45 17
2085 57 62
2086 13 51
2087 83 80
2088 45 25
2089 29 4
2090 2 86
2091 98 69
2092 56 73
2093 61 69
2094 79 29
2095 32 63
2096 44 40
2097 13 23
2098 75 33
2099 68 78
2100 74 3
2101 22 83
2102 83 59
2103 12 71
2104 58 86
2105 57 77
2106 90 17
2107 90 92
2108 48 89
2109 60 30
2110 91 43
2111 1 11
2112 83 77
2113 97 6
2114 69 45
2115 68 63
2116 89 42
2117 3 66
2118 90 53
2119 58 9
2120 55 83
2121 65 29
2122 46 39
2123 9 42
2124 63 27
2125 90 81
2126 76 61
2127 11 0
2128 25 20
2129 85 90
2130 67 83
2131 90 30
2132 20 41
2133 62 22
2134 94 95
2135 22 55
2136 32 22
2137 89 40
2138 58 12
2139 36 56
2140 56 66
2141 24 82
2142 26 95
2143 52 67
2144 92 65
2145 85 76
2146 64 74
2147 94 9
2148 71 61
2149 43 13
2150 20 30
2151 1 12
2152 85 95
2153 78 83
2154 80 32
2155 26 19
2156 59 39
2157 91 26
2158 27 65
2159 29 11
2160 37 39
2161 81 9
2162 26 68
2163 95 99
2164 9 47
2165 18 99
2166 33 17
2167 96 28
2168 67 46
2169 81 24
2170 8 26
2171 82 89
2172 83 20
2173 77 40
2174 78 33
2175 13 39
2176 47 24
2177 12 67
2178 55 97
2179 73 68
2180 72 57
2181 78 90
2182 69 56
2183 25 27
2184 47 85
2185 70 93
2186 51 4
2187 74 3
2188 90 71
2189 8 69
2190 49 84
2191 84 100
2192 37 9
2193 7 76
2194 68 20
2195 55 15
2196 78 2
2197 49 46
2198 56 4
2199 69 9
2200 79 75
2201 25 57
2202 69 43
2203 43 61
2204 2 22
2205 76 27
2206 97 15
2207 38 34
2208 69 63
2209 77 42
2210 2 16
2211 90 59
2212 4 67
2213 52 56
2214 98 84
2215 70 78
2216 17 72
2217 46 69
2218 59 52
2219 51 37
2220 26 52
2221 92 10
2222 74 38
2223 35 64
2224 94 43
2225 100 84
2226 25 38
2227 91 59
2228 87 33
2229 10 45
2230 36 27
2231 58 69
2232 70 9
2233 29 43
2234 36 12
2235 86 21
2236 99 90
2237 74 62
2238 89 41
2239 62 30
2240 66 29
2241 85 36
2242 81 44
2243 53 18
2244 19 18
2245 10 19
2246 85 59
2247 93 42
2248 69 26
2249 12 20
2250 39 42
2251 73 44
2252 73 96
2253 7 41
2254 54 37
2255 74 66
2256 48 28
2257 3 59
2258 15 1
2259 72 34
2260 2 57
2261 39 87
2262 31 57
2263 86 77
2264 25 42
2265 34 21
2266 56 24
2267 74 72
2268 76 37
2269 89 0
2270 29 80
2271 52 10
2272 51 59
2273 59 42
2274 5 99
2275 40 83
2276 28 45
2277 85 17
2278 92 70
2279 10 81
2280 17 48
2281 9 90
2282 2 63
2283 13 25
2284 27 72
2285 46 18
2286 91 1
2287 28 20
2288 36 78
2289 18 45
2290 49 21
2291 93 50
2292 44 35
2293 4 0
2294 7 72
2295 81 52
2296 5 67
2297 61 32
2298 96 25
2299 68 90
2300 30 34
2301 30 16
2302 87 35
2303 59 36
2304 81 82
2305 89 9
2306 7 78
2307 77 36
2308 39 90
2309 49 50
2310 12 25
2311 83 32
2312 82 33
2313 89 59
2314 70 90
2315 24 18
2316 41 5
2317 18 44
2318 39 68
2319 17 29
2320 18 96
2321 11 53
2322 7 34
2323 63 19
2324 98 95
2325 33 92
2326 43 83
2327 90 40
2328 1 92
2329 81 26
2330 66 85
2331 83 9
2332 98 94
2333 52 76
2334 81 71
2335 9 45
2336 79 92
2337 22 37
2338 72 18
2339 72 17
2340 91 59
2341 64 89
2342 87 72
2343 22 59
2344 46 20
2345 98 68
2346 27 26
2347 69 69
2348 90 31
2349 34 49
2350 26 35
2351 49 84
2352 84 79
2353 52 99
2354 45 48
2355 47 81
2356 73 12
2357 100 56
2358 35 66
2359 90 98
2360 73 58
2361 83 34
2362 72 2
2363 53 47
2364 47 88
2365 77 52
2366 19 44
2367 13 29
2368 59 17
2369 37 10
2370 28 17
2371 76 38
2372 64 26
2373 80 98
2374 70 16
2375 32 85
2376 12 96
2377 88 62
2378 51 82
2379 25 4
2380 13 90
2381 64 56
2382 88 18
2383 1 96
2384 87 15
2385 8 35
2386 21 92
2387 100 31
2388 86 61
2389 59 70
2390 100 6
2391 87 52
2392 83 67
2393 81 61
2394 29 43
2395 95 31
2396 98 86
2397 48 31
2398 84 87
2399 87 19
2400 26 87
2401 60 63
2402 79 56
2403 57 92
2404 12 56
2405 45 32
2406 68 42
2407 24 97
2408 53 98
2409 49 6
2410 85 73
2411 21 28
2412 15 41
2413 86 62
2414 46 20
2415 24 98
2416 6 2
2417 28 59
2418 1 18
2419 62 88
2420 88 69
2421 69 5
2422 96 96
2423 45 27
2424 11 64
2425 49 65
2426 63 2
2427 45 5
2428 76 53
2429 31 47
2430 49 8
2431 48 31
2432 35 79
2433 22 30
2434 16 0
2435 1 19
2436 34 81
2437 52 66
2438 96 96
2439 88 8
2440 11 34
2441 58 72
2442 76 73
2443 87 41
2444 5 19
2445 23 36
2446 34 4
2447 32 28
2448 14 47
2449 25 43
2450 31 48
2451 28 88
2452 95 72
2453 56 62
2454 87 100
2455 50 8
2456 13 28
2457 87 54
2458 43 91
2459 26 92
2460 23 51
2461 9 20
2462 67 66
2463 17 77
2464 94 92
2465 19 94
2466 83 5
2467 78 32
2468 47 15
2469 40 21
2470 41 59
2471 88 43
2472 59 47
2473 8 96
2474 40 9
2475 34 6
2476 4 38
2477 50 96
2478 7 74
2479 71 6
2480 17 70
2481 18 35
2482 55 56
2483 3 90
2484 45 83
2485 38 64
2486 9 63
2487 83 73
2488 52 61
2489 55 26
2490 88 20
2491 37 48
2492 23 84
2493 76 41
2494 60 93
2495 82 56
2496 95 18
2497 94 23
2498 66 84
2499 93 64
2500 7 0
2501 19 5
2502 85 32
2503 54 51
2504 95 46
2505 26 20
2506 36 28
2507 25 80
2508 63 100
2509 62 18
2510 22 7
2511 41 71
2512 17 76
2513 99 11
2514 86 78
2515 48 66
2516 6 73
2517 18 30
2518 45 24
2519 12 0
2520 49 74
2521 88 60
2522 4 1
2523 95 26
2524 25 73
2525 73 9
2526 92 96
2527 32 97
2528 85 70
2529 50 75
2530 94 90
2531 0 63
2532 17 62
2533 74 11
2534 83 90
2535 62 76
2536 79 50
2537 69 20
2538 32 99
2539 65 73
2540 57 73
2541 11 54
2542 53 77
2543 52 90
2544 98 31
2545 75 60
2546 24 92
2547 56 65
2548 94 7
2549 55 16
2550 97 80
2551 93 6
2552 69 86
2553 8 99
2554 4 19
2555 9 1
2556 7 52
2557 14 50
2558 24 71
2559 72 95
2560 99 51
2561 28 64
2562 15 80
2563 39 49
2564 83 55
2565 11 67
2566 27 75
2567 90 22
2568 74 62
2569 54 34
2570 87 74
2571 60 4
2572 64 52
2573 73 52
2574 27 89
2575 94 46
2576 86 96
2577 42 27
2578 1 73
2579 88 30
2580 94 95
2581 44 11
2582 21 56
2583 4 15
2584 65 13
2585 94 53
2586 1 43
2587 32 65
2588 67 91
2589 53 87
2590 8 3
2591 49 50
2592 73 52
2593 70 77
2594 49 87
2595 43 83
2596 66 6
2597 74 82
2598 69 17
2599 95 48
2600 93 64
2601 92 15
2602 38 9
2603 100 99
2604 39 3
2605 23 58
2606 93 10
2607 89 83
2608 63 93
2609 36 61
2610 56 77
2611 46 24
2612 27 68
2613 40 62
2614 80 2
2615 62 2
2616 36 55
2617 14 88
2618 54 76
2619 20 3
2620 54 71
2621 54 82
2622 77 44
2623 22 76
2624 95 90
2625 36 36
2626 96 86
2627 36 59
2628 12 10
2629 96 81
2630 71 97
2631 0 46
2632 30 81
2633 8 40
2634 20 2
2635 62 13
2636 19 80
2637 25 31
2638 50 5
2639 37 5
2640 16 33
2641 52 49
2642 38 97
2643 97 40
2644 32 53
2645 82 67
2646 0 13
2647 92 63
2648 57 39
2649 11 12
2650 24 75
2651 66 75
2652 80 85
2653 55 17
2654 20 41
2655 76 95
2656 88 0
2657 13 99
2658 13 23
2659 83 0
2660 79 87
2661 36 27
2662 2 98
2663 32 12
2664 97 48
2665 45 22
2666 74 42
2667 86 58
2668 23 28
2669 8 22
2670 9 85
2671 46 34
2672 63 90
2673 4 48
2674 63 86
2675 39 20
2676 27 3
2677 47 43
2678 63 58
2679 39 43
2680 69 56
2681 4 48
2682 62 24
2683 58 76
2684 46 80
2685 60 68
2686 80 40
2687 46 36
2688 30 82
2689 47 60
2690 88 72
2691 85 17
2692 20 70
2693 32 84
2694 23 48
2695 44 79
2696 5 58
2697 10 87
2698 4 66
2699 97 30
2700 30 49
2701 79 80
2702 37 55
2703 92 92
2704 9 100
2705 90 75
2706 98 95
2707 45 26
2708 41 8
2709 48 77
2710 0 79
2711 57 96
2712 14 0
2713 6 28
2714 24 55
2715 64 67
2716 53 100
2717 43 64
2718 0 43
2719 10 36
2720 33 44
2721 37 0
2722 47 80
2723 50 83
2724 15 40
2725 80 84
2726 7 47
2727 1 31
2728 13 6
2729 74 70
2730 26 82
2731 73 100
2732 32 71
2733 86 42
2734 16 23
2735 95 65
2736 85 82
2737 20 99
2738 82 100
2739 88 81
2740 2 25
2741 63 64
2742 39 92
2743 86 27
2744 92 93
2745 97 67
2746 36 86
2747 50 20
2748 90 45
2749 10 84
2750 8 44
2751 12 0
2752 68 61
2753 23 50
2754 62 5
2755 57 79
2756 78 14
2757 5 33
2758 64 10
2759 10 77
2760 61 72
2761 34 39
2762 66 44
2763 47 17
2764 14 31
2765 80 67
2766 17 56
2767 78 30
2768 67 93
2769 76 97
2770 69 18
2771 89 13
2772 51 9
2773 14 56
2774 24 88
2775 11 16
2776 58 71
2777 75 39
2778 70 29
2779 20 45
2780 3 81
2781 19 75
2782 68 38
2783 11 89
2784 48 67
2785 38 4
2786 74 78
2787 2 88
2788 88 0
2789 16 43
2790 3 8
2791 5 78
2792 9 79
2793 27 41
2794 17 81
2795 51 66
2796 27 93
2797 5 13
2798 33 29
2799 82 98
2800 35 78
2801 12 91
2802 47 6
2803 11 53
2804 80 31
2805 38 92
2806 61 88
2807 11 61
2808 19 38
2809 29 71
2810 0 81
2811 39 25
2812 26 62
2813 78 70
2814 30 48
2815 57 31
2816 20 37
2817 37 12
2818 46 14
2819 100 50
2820 17 30
2821 43 3
2822 72 1
2823 38 67
2824 14 1
2825 71 5
2826 99 5
2827 82 10
2828 11 15
2829 63 32
2830 67 7
2831 39 38
2832 91 52
2833 2 34
2834 17 51
2835 97 29
2836 83 6
2837 6 26
2838 18 75
2839 54 37
2840 35 60
2841 64 27
2842 45 43
2843 29 19
2844 5 26
2845 25 52
2846 25 92
2847 60 15
2848 25 0
2849 53 24
2850 95 76
2851 4 78
2852 58 19
2853 93 80
2854 6 82
2855 35 50
2856 11 54
2857 35 37
2858 25 33
2859 97 42
2860 98 27
2861 43 20
2862 78 16
2863 100 7
2864 69 86
2865 83 9
2866 7 41
2867 29 37
2868 53 30
2869 80 76
2870 37 96
2871 84 84
2872 19 58
2873 88 36
2874 24 43
2875 81 78
2876 71 18
2877 25 57
2878 47 4
2879 83 32
2880 32 93
2881 31 9
2882 59 98
2883 13 22
2884 50 35
2885 59 3
2886 18 62
2887 24 1
2888 39 60
2889 82 84
2890 34 96
2891 92 95
2892 51 53
2893 56 57
2894 47 85
2895 13 43
2896 53 17
2897 28 80
2898 72 62
2899 11 12
2900 82 92
2901 78 31
2902 95 94
2903 64 76
2904 61 28
2905 91 5
2906 97 40
2907 91 99
2908 64 63
2909 85 71
2910 55 91
2911 38 68
2912 9 32
2913 66 91
2914 5 75
2915 59 47
2916 65 62
2917 52 0
2918 35 39
2919 41 62
2920 67 99
2921 34 3
2922 95 57
2923 28 36
2924 74 91
2925 89 40
2926 2 45
2927 8 46
2928 88 28
2929 4 5
2930 99 48
2931 5 58
2932 27 57
2933 0 11
2934 26 57
2935 93 13
2936 20 28
2937 19 23
2938 4 61
2939 28 63
2940 31 12
2941 44 44
2942 13 80
2943 41 17
2944 43 99
2945 21 91
2946 12 42
2947 94 45
2948 58 64
2949 60 44
2950 44 64
2951 29 97
2952 95 84
2953 55 50
2954 45 12
2955 28 41
2956 37 57
2957 80 100
2958 91 77
2959 79 74
2960 6 37
2961 69 33
2962 38 99
2963 71 90
2964 89 33
2965 51 19
2966 71 73
2967 61 84
2968 76 26
2969 76 72
2970 25 96
2971 64 66
2972 40 51
2973 67 8
2974 87 95
2975 99 19
2976 32 33
2977 89 64
2978 23 29
2979 29 35
2980 31 67
2981 14 10
2982 85 97
2983 62 33
2984 13 87
2985 39 16
2986 1 89
2987 81 33
2988 55 39
2989 91 68
2990 38 100
2991 13 83
2992 9 90
2993 88 89
2994 11 35
2995 69 6
2996 17 23
2997 17 31
2998 39 84
2999 96 50
3000 34 91
3001 63 0
3002 96 87
3003 63 99
3004 99 30
3005 9 34
3006 46 62
3007 20 18
3008 2 59
3009 87 69
3010 10 12
3011 56 62
3012 3 9
3013 13 28
3014 78 39
3015 48 6
3016 91 60
3017 30 69
3018 29 53
3019 21 24
3020 57 96
3021 56 26
3022 28 18
3023 98 24
3024 19 41
3025 92 22
3026 14 94
3027 51 48
3028 62 1
3029 46 95
3030 55 44
3031 7 85
3032 88 31
3033 24 75
3034 25 25
3035 18 17
3036 82 47
3037 19 12
3038 25 60
3039 25 90
3040 91 58
3041 92 13
3042 55 15
3043 15 78
3044 81 90
3045 92 75
3046 80 92
3047 91 65
3048 21 68
3049 25 11
3050 39 12
3051 79 28
3052 16 67
3053 86 77
3054 64 54
3055 47 50
3056 94 80
3057 41 16
3058 6 24
3059 96 51
3060 30 33
3061 8 12
3062 83 65
3063 26 77
3064 89 97
3065 17 93
3066 39 86
3067 93 83
3068 80 75
3069 20 99
3070 39 52
3071 87 22
3072 33 48
3073 50 40
3074 82 97
3075 63 64
3076 32 32
3077 25 14
3078 70 95
3079 70 97
3080 61 50
3081 93 78
3082 89 94
3083 68 63
3084 30 77
3085 33 83
3086 73 34
3087 87 19
3088 65 100
3089 68 16
3090 60 82
3091 95 50
3092 35 79
3093 2 26
3094 2 84
3095 71 33
3096 66 29
3097 59 35
3098 70 47
3099 98 51
3100 3 40
3101 96 43
3102 98 83
3103 10 18
3104 69 76
3105 99 0
3106 71 5
3107 95 30
3108 8 62
3109 9 80
3110 73 98
3111 25 89
3112 11 69
3113 38 21
3114 96 23
3115 3 40
3116 50 27
3117 34 53
3118 30 0
3119 42 3
3120 0 47
3121 62 67
3122 58 31
3123 25 8
3124 97 15
3125 70 86
3126 51 12
3127 56 2
3128 69 72
3129 61 73
3130 93 22
3131 44 27
3132 57 69
3133 22 35
3134 81 19
3135 58 54
3136 0 0
3137 83 79
3138 71 93
3139 98 56
3140 24 36
3141 74 70
3142 17 22
3143 97 32
3144 6 0
3145 27 83
3146 51 20
3147 15 78
3148 45 87
3149 51 77
3150 29 62
3151 76 5
3152 11 93
3153 74 69
3154 32 1
3155 26 38
3156 3 68
3157 51 54
3158 30 39
3159 35 81
3160 44 14
3161 43 52
3162 26 35
3163 25 47
3164 59 29
3165 51 83
3166 5 87
3167 83 73
3168 8 35
3169 88 23
3170 61 55
3171 65 96
3172 18 60
3173 15 9
3174 47 23
3175 90 84
3176 20 56
3177 87 7
3178 74 8
3179 50 22
3180 60 89
3181 39 12
3182 84 15
3183 4 65
3184 13 56
3185 75 34
3186 43 43
3187 44 48
3188 64 76
3189 89 10
3190 13 13
3191 48 7
3192 62 17
3193 36 70
3194 39 49
3195 93 77
3196 60 26
3197 93 4
3198 21 43
3199 87 59
3200 60 91
3201 95 57
3202 29 39
3203 62 14
3204 3 31
3205 78 70
3206 20 51
3207 83 47
3208 65 8
3209 53 9
3210 21 14
3211 13 76
3212 48 60
3213 60 57
3214 57 96
3215 33 80
3216 7 80
3217 6 3
3218 15 36
3219 86 94
3220 78 67
3221 20 96
3222 72 36
3223 73 91
3224 32 70
3225 71 53
3226 12 35
3227 4 32
3228 49 24
3229 14 31
3230 94 11
3231 80 37
3232 68 24
3233 76 10
3234 49 70
3235 35 45
3236 32 42
3237 20 23
3238 89 24
3239 55 44
3240 13 11
3241 95 31
3242 4 48
3243 61 19
3244 6 71
3245 88 7
3246 14 50
3247 22 31
3248 59 56
3249 51 53
3250 38 5
3251 78 69
3252 97 11
3253 77 60
3254 80 92
3255 20 13
3256 1 10
3257 95 99
3258 94 56
3259 72 13
3260 12 51
3261 54 83
3262 5 4
3263 44 34
3264 16 86
3265 12 15
3266 38 97
3267 66 11
3268 68 33
3269 86 40
3270 19 25
3271 44 40
3272 74 36
3273 39 70
3274 14 9
3275 78 59
3276 18 5
3277 64 27
3278 7 69
3279 57 43
3280 13 75
3281 54 73
3282 37 64
3283 46 5
3284 16 12
3285 89 95
3286 12 63
3287 14 65
3288 5 56
3289 45 75
3290 15 2
3291 11 39
3292 43 65
3293 85 57
3294 85 6
3295 62 82
3296 15 34
3297 95 7
3298 56 59
3299 53 16
3300 39 57
3301 41 91
3302 1 23
3303 82 56
3304 65 77
3305 85 2
3306 45 41
3307 12 34
3308 20 90
3309 59 21
3310 48 78
3311 88 35
3312 24 96
3313 27 82
3314 48 81
3315 82 100
3316 32 56
3317 17 61
3318 4 20
3319 37 100
3320 24 40
3321 91 14
3322 71 82
3323 76 58
3324 44 84
3325 37 72
3326 81 52
3327 29 52
3328 81 6
3329 43 10
3330 17 5
3331 0 60
3332 22 73
3333 34 94
3334 29 50
3335 0 78
3336 2 75
3337 28 84
3338 67 14
3339 32 52
3340 9 88
3341 100 86
3342 29 52
3343 8 42
3344 76 8
3345 35 60
3346 54 18
3347 71 73
3348 9 40
3349 25 61
3350 97 9
3351 72 78
3352 15 78
3353 17 73
3354 55 67
3355 58 29
3356 90 88
3357 85 97
3358 42 16
3359 30 99
3360 44 15
3361 1 46
3362 36 22
3363 85 26
3364 18 71
3365 3 9
3366 29 77
3367 5 63
3368 84 10
3369 16 91
3370 85 39
3371 79 70
3372 4 26
3373 61 38
3374 20 59
3375 19 68
3376 25 15
3377 79 96
3378 79 70
3379 82 17
3380 18 37
3381 16 88
3382 47 98
3383 86 23
3384 88 10
3385 30 41
3386 87 19
3387 1 67
3388 24 28
3389 65 15
3390 34 61
3391 49 89
3392 78 60
3393 20 43
3394 86 14
3395 34 25
3396 92 66
3397 91 34
3398 34 40
3399 11 57
3400 99 14
3401 28 32
3402 53 73
3403 80 25
3404 58 93
3405 23 96
3406 65 50
3407 5 55
3408 63 100
3409 43 73
3410 26 98
3411 94 95
3412 13 91
3413 67 52
3414 47 34
3415 98 81
3416 91 2
3417 16 90
3418 18 95
3419 39 82
3420 66 27
3421 95 45
3422 35 96
3423 51 81
3424 30 74
3425 97 19
3426 6 21
3427 5 28
3428 3 12
3429 95 1
3430 70 45
3431 4 77
3432 49 93
3433 62 20
3434 69 30
3435 14 13
3436 3 15
3437 27 71
3438 79 94
3439 49 12
3440 69 90
3441 72 59
3442 28 14
3443 27 31
3444 29 27
3445 50 22
3446 18 64
3447 91 78
3448 100 97
3449 14 54
3450 44 13
3451 86 15
3452 69 100
3453 50 56
3454 54 28
3455 83 82
3456 70 39
3457 72 7
3458 27 90
3459 71 29
3460 80 70
3461 20 71
3462 82 24
3463 6 17
3464 88 25
3465 0 9
3466 54 95
3467 53 93
3468 43 42
3469 26 81
3470 22 44
3471 29 5
3472 99 86
3473 45 15
3474 85 12
3475 7 16
3476 97 1
3477 68 93
3478 87 73
3479 38 12
3480 21 38
3481 54 63
3482 77 97
3483 99 82
3484 65 71
3485 53 15
3486 15 50
3487 59 53
3488 14 54
3489 84 55
3490 53 97
3491 16 89
3492 81 23
3493 73 56
3494 31 81
3495 51 68
3496 63 59
3497 39 56
3498 84 23
3499 10 6
3500 93 27
3501 62 90
3502 17 66
3503 8 5
3504 30 23
3505 41 31
3506 63 33
3507 31 30
3508 7 5
3509 48 73
3510 52 4
3511 61 98
3512 17 79
3513 83 95
3514 99 14
3515 42 90
3516 37 24
3517 55 61
3518 54 87
3519 57 28
3520 1 21
3521 94 8
3522 64 35
3523 73 57
3524 31 34
3525 74 50
3526 10 77
3527 7 46
3528 35 11
3529 46 96
3530 58 87
3531 77 41
3532 91 19
3533 26 81
3534 89 21
3535 24 26
3536 68 31
3537 28 58
3538 74 0
3539 2 60
3540 28 65
3541 24 74
3542 38 13
3543 31 16
3544 21 7
3545 69 82
3546 27 61
3547 24 27
3548 73 29
3549 63 41
3550 62 27
3551 24 42
3552 44 32
3553 63 5
3554 14 49
3555 31 97
3556 100 80
3557 25 5
3558 10 67
3559 57 10
3560 26 45
3561 28 55
3562 49 78
3563 90 0
3564 26 22
3565 18 49
3566 20 82
3567 15 8
3568 58 12
3569 70 55
3570 9 66
3571 8 64
3572 67 3
3573 20 36
3574 15 57
3575 51 79
3576 82 66
3577 16 85
3578 78 1
3579 52 50
3580 69 0
3581 3 33
3582 38 57
3583 82 59
3584 16 98
3585 75 0
3586 88 55
3587 63 36
3588 93 47
3589 38 22
3590 13 38
3591 61 61
3592 87 39
3593 78 36
3594 71 50
3595 93 8
3596 54 15
3597 75 38
3598 11 1
3599 8 2
3600 98 43
3601 0 67
3602 63 91
3603 43 93
3604 16 63
3605 23 23
3606 24 49
3607 79 49
3608 40 89
3609 40 37
3610 31 56
3611 2 73
3612 27 17
3613 46 55
3614 84 67
3615 49 91
3616 0 55
3617 26 98
3618 100 93
3619 16 12
3620 1 88
3621 64 58
3622 4 82
3623 100 65
3624 42 45
3625 91 21
3626 23 42
3627 70 99
3628 23 55
3629 55 75
3630 62 58
3631 56 56
3632 45 29
3633 92 92
3634 28 63
3635 67 28
3636 5 25
3637 23 88
3638 62 4
3639 75 46
3640 38 43
3641 55 84
3642 19 41
3643 18 26
3644 65 98
3645 40 83
3646 11 66
3647 26 38
3648 91 86
3649 88 25
3650 46 3
3651 82 47
3652 95 7
3653 23 99
3654 76 48
3655 71 51
3656 61 47
3657 3 92
3658 85 73
3659 35 92
3660 56 54
3661 70 57
3662 93 33
3663 62 47
3664 100 51
3665 98 92
3666 67 66
3667 90 40
3668 25 34
3669 90 60
3670 90 34
3671 87 92
3672 0 28
3673 92 86
3674 64 36
3675 2 92
3676 49 100
3677 82 42
3678 92 69
3679 29 69
3680 60 12
3681 28 54
3682 79 22
3683 38 57
3684 47 54
3685 30 45
3686 78 52
3687 60 54
3688 21 95
3689 42 39
3690 83 13
3691 78 84
3692 1 19
3693 90 20
3694 45 92
3695 90 81
3696 35 14
3697 72 84
3698 30 96
3699 14 53
3700 26 91
3701 37 25
3702 67 10
3703 49 95
3704 58 30
3705 86 9
3706 100 96
3707 64 56
3708 80 57
3709 29 56
3710 33 33
3711 4 32
3712 99 28
3713 74 7
3714 14 24
3715 46 4
3716 88 72
3717 28 42
3718 8 30
3719 8 57
3720 90 26
3721 45 23
3722 33 18
3723 72 77
3724 28 42
3725 1 80
3726 59 74
3727 54 16
3728 75 30
3729 83 12
3730 55 40
3731 62 42
3732 15 85
3733 58 51
3734 61 79
3735 27 34
3736 28 15
3737 33 6
3738 40 70
3739 68 81
3740 78 22
3741 12 88
3742 57 29
3743 84 59
3744 72 66
3745 9 15
3746 93 47
3747 77 42
3748 79 33
3749 35 70
3750 91 56
3751 74 73
3752 81 15
3753 75 56
3754 94 91
3755 71 16
3756 76 38
3757 51 15
3758 6 65
3759 90 65
3760 23 1
3761 94 84
3762 41 4
3763 84 53
3764 30 99
3765 46 86
3766 85 78
3767 35 86
3768 0 92
3769 75 57
3770 94 47
3771 68 24
3772 6 7
3773 0 17
3774 7 7
3775 46 21
3776 31 83
3777 90 75
3778 61 7
3779 26 97
3780 10 28
3781 51 77
3782 38 43
3783 15 76
3784 64 89
3785 99 1
3786 65 99
3787 32 91
3788 50 43
3789 37 19
3790 74 80
3791 78 96
3792 75 4
3793 77 47
3794 30 24
3795 95 32
3796 49 82
3797 18 84
3798 55 75
3799 32 5
3800 15 60
3801 85 74
3802 30 44
3803 1 83
3804 93 40
3805 69 7
3806 70 11
3807 20 64
3808 46 16
3809 36 94
3810 55 2
3811 80 49
3812 0 57
3813 7 12
3814 8 22
3815 18 89
3816 78 29
3817 70 97
3818 37 33
3819 61 73
3820 96 17
3821 50 8
3822 8 33
3823 40 22
3824 13 60
3825 0 89
3826 24 85
3827 85 5
3828 59 39
3829 80 93
3830 13 47
3831 63 3
3832 25 24
3833 8 79
3834 80 53
3835 94 4
3836 33 44
3837 90 92
3838 56 45
3839 50 38
3840 51 96
3841 44 42
3842 9 76
3843 34 38
3844 85 64
3845 68 89
3846 52 92
3847 38 81
3848 44 56
3849 7 84
3850 41 50
3851 53 36
3852 0 65
3853 23 56
3854 60 47
3855 75 96
3856 69 43
3857 58 3
3858 80 71
3859 65 44
3860 93 99
3861 92 38
3862 59 67
3863 32 77
3864 55 53
3865 97 77
3866 81 29
3867 68 82
3868 23 5
3869 63 35
3870 75 6
3871 51 34
3872 57 75
3873 99 100
3874 40 4
3875 41 80
3876 18 26
3877 79 40
3878 0 63
3879 19 71
3880 100 34
3881 78 98
3882 75 46
3883 78 7
3884 72 59
3885 97 45
3886 58 93
3887 18 87
3888 42 30
3889 65 49
3890 65 90
3891 98 37
3892 95 27
3893 45 22
3894 76 36
3895 46 18
3896 87 43
3897 34 6
3898 90 13
3899 66 12
3900 53 83
3901 8 0
3902 83 78
3903 93 19
3904 73 2
3905 33 15
3906 93 73
3907 88 12
3908 75 9
3909 57 66
3910 76 38
3911 1 49
3912 47 76
3913 45 11
3914 65 84
3915 53 53
3916 39 38
3917 95 19
3918 85 83
3919 1 28
3920 71 18
3921 2 85
3922 24 71
3923 100 62
3924 45 2
3925 32 44
3926 99 66
3927 27 57
3928 24 30
3929 7 40
3930 44 6
3931 4 75
3932 74 100
3933 94 85
3934 11 3
3935 78 60
3936 98 24
3937 25 46
3938 69 0
3939 56 21
3940 56 29
3941 43 93
3942 38 47
3943 17 34
3944 80 7
3945 42 53
3946 61 44
3947 31 58
3948 61 63
3949 88 3
3950 35 10
3951 55 6
3952 87 27
3953 28 33
3954 63 90
3955 14 30
3956 21 41
3957 23 20
3958 16 89
3959 1 90
3960 38 90
3961 69 99
3962 13 56
3963 39 94
3964 34 90
3965 11 34
3966 90 55
3967 16 72
3968 82 91
3969 11 39
3970 22 15
3971 8 5
3972 24 36
3973 65 55
3974 8 54
3975 36 92
3976 54 46
3977 38 19
3978 67 79
3979 100 5
3980 74 23
3981 93 73
3982 88 36
3983 92 58
3984 89 56
3985 100 7
3986 82 57
3987 33 66
3988 12 33
3989 66 9
3990 69 39
3991 82 0
3992 73 38
3993 27 26
3994 49 66
3995 68 97
3996 44 49
3997 57 1
3998 85 16
3999 73 2
4000 10 100
4001 19 91
4002 87 13
4003 54 19
4004 43 63
4005 69 88
4006 83 35
4007 60 24
4008 16 68
4009 27 52
4010 76 41
4011 100 25
4012 56 57
4013 54 16
4014 59 84
4015 73 82
4016 35 14
4017 49 51
4018 85 41
4019 87 89
4020 69 50
4021 15 51
4022 87 58
4023 71 28
4024 80 76
4025 66 14
4026 13 36
4027 17 24
4028 14 56
4029 21 89
4030 67 21
4031 70 38
4032 12 13
4033 17 76
4034 41 17
4035 6 56
4036 9 59
4037 53 42
4038 34 14
4039 1 33
4040 69 62
4041 11 30
4042 43 47
4043 36 61
4044 38 89
4045 56 28
4046 48 27
4047 94 12
4048 46 77
4049 94 43
4050 41 42
4051 49 39
4052 40 79
4053 65 37
4054 92 85
4055 14 7
4056 56 72
4057 95 37
4058 83 89
4059 95 24
4060 15 30
4061 36 51
4062 7 36
4063 35 81
4064 41 18
4065 24 100
4066 61 98
4067 11 7
4068 8 57
4069 52 45
4070 92 46
4071 22 89
4072 95 20
4073 19 31
4074 56 78
4075 53 56
4076 84 4
4077 66 58
4078 54 79
4079 52 4
4080 13 85
4081 99 4
4082 7 93
4083 79 49
4084 15 60
4085 82 86
4086 2 49
4087 45 24
4088 60 22
4089 3 86
4090 2 74
4091 61 22
4092 54 96
4093 99 86
4094 22 29
4095 68 7
4096 17 51
4097 77 59
4098 78 6
4099 35 65
4100 30 24
4101 91 44
4102 98 38
4103 19 56
4104 2 5
4105 94 93
4106 76 69
4107 74 69
4108 52 96
4109 32 87
4110 49 91
4111 84 88
4112 2 26
4113 32 16
4114 11 0
4115 10 98
4116 66 23
4117 5 17
4118 86 81
4119 94 36
4120 67 26
4121 61 3
4122 14 96
4123 14 74
4124 53 2
4125 34 79
4126 30 52
4127 30 34
4128 53 5
4129 29 40
4130 40 42
4131 36 57
4132 15 30
4133 32 98
4134 39 96
4135 35 80
4136 80 55
4137 82 33
4138 61 78
4139 48 21
4140 94 12
4141 3 28
4142 4 54
4143 5 99
4144 30 15
4145 39 69
4146 81 67
4147 16 0
4148 1 99
4149 39 41
4150 7 89
4151 7 5
4152 44 59
4153 1 59
4154 98 100
4155 58 19
4156 74 14
4157 26 75
4158 49 34
4159 22 20
4160 74 18
4161 13 61
4162 63 35
4163 76 86
4164 75 90
4165 63 88
4166 23 26
4167 77 43
4168 91 38
4169 74 53
4170 85 9
4171 60 81
4172 57 68
4173 45 70
4174 64 62
4175 7 50
4176 80 27
4177 57 13
4178 26 43
4179 76 45
4180 34 73
4181 13 87
4182 62 26
4183 64 18
4184 87 20
4185 68 56
4186 62 43
4187 26 10
4188 42 49
4189 10 37
4190 22 49
4191 23 66
4192 68 39
4193 72 24
4194 24 58
4195 73 0
4196 59 90
4197 71 92
4198 25 51
4199 73 18
4200 27 82
4201 36 75
4202 10 19
4203 72 60
4204 1 79
4205 60 9
4206 94 61
4207 100 80
4208 34 49
4209 67 37
4210 10 13
4211 24 31
4212 34 52
4213 2 63
4214 41 18
4215 95 87
4216 74 60
4217 67 59
4218 97 33
4219 11 87
4220 77 52
4221 1 9
4222 38 22
4223 28 51
4224 80 65
4225 53 94
4226 60 67
4227 7 71
4228 55 20
4229 6 15
4230 33 34
4231 68 19
4232 0 23
4233 87 99
4234 69 75
4235 39 26
4236 85 77
4237 54 96
4238 46 79
4239 34 79
4240 46 86
4241 87 17
4242 59 20
4243 92 53
4244 17 63
4245 4 24
4246 64 37
4247 86 97
4248 20 14
4249 47 10
4250 98 20
4251 99 22
4252 35 66
4253 93 20
4254 46 52
4255 13 36
4256 92 65
4257 18 31
4258 60 16
4259 16 17
4260 40 79
4261 34 2
4262 47 23
4263 29 2
4264 57 72
4265 45 98
4266 75 100
4267 20 66
4268 32 70
4269 67 38
4270 96 82
4271 82 63
4272 42 51
4273 45 76
4274 87 91
4275 37 46
4276 70 15
4277 70 23
4278 51 65
4279 11 99
4280 77 15
4281 1 39
4282 61 61
4283 66 55
4284 90 57
4285 74 39
4286 10 25
4287 54 66
4288 17 45
4289 26 49
4290 20 65
4291 10 80
4292 85 56
4293 96 48
4294 97 44
4295 32 14
4296 15 15
4297 84 93
4298 82 50
4299 96 84
4300 90 97
4301 97 13
4302 71 63
4303 4 60
4304 72 40
4305 20 7
4306 89 56
4307 1 83
4308 17 82
4309 9 56
4310 21 11
4311 45 59
4312 76 79
4313 6 60
4314 34 41
4315 73 99
4316 58 74
4317 6 69
4318 56 15
4319 33 83
4320 95 68
4321 77 34
4322 5 63
4323 73 45
4324 23 86
4325 47 90
4326 17 98
4327 60 58
4328 25 78
4329 51 66
4330 52 18
4331 75 52
4332 88 71
4333 26 30
4334 51 46
4335 77 88
4336 9 41
4337 9 6
4338 13 8
4339 4 49
4340 47 51
4341 68 65
4342 58 65
4343 79 53
4344 39 37
4345 7 24
4346 95 29
4347 83 92
4348 62 82
4349 32 61
4350 67 40
4351 78 6
4352 72 84
4353 90 32
4354 14 50
4355 87 54
4356 75 72
4357 72 71
4358 51 57
4359 60 16
4360 8 98
4361 20 60
4362 69 46
4363 10 10
4364 92 52
4365 85 50
4366 54 98
4367 47 31
4368 66 83
4369 58 24
4370 64 15
4371 81 70
4372 50 1
4373 12 61
4374 79 16
4375 26 36
4376 57 63
4377 88 47
4378 40 94
4379 0 86
4380 30 89
4381 45 61
4382 100 9
4383 57 97
4384 48 6
4385 30 12
4386 58 14
4387 22 72
4388 35 91
4389 97 28
4390 97 31
4391 5 100
4392 8 27
4393 94 77
4394 87 97
4395 62 65
4396 33 99
4397 9 47
4398 41 50
4399 70 72
4400 56 98
4401 89 83
4402 90 58
4403 71 24
4404 57 28
4405 89 20
4406 30 37
4407 95 43
4408 67 54
4409 12 35
4410 70 68
4411 81 69
4412 71 17
4413 69 63
4414 36 88
4415 4 43
4416 37 96
4417 74 57
4418 92 66
4419 51 88
4420 92 9
4421 18 58
4422 72 5
4423 92 4
4424 15 74
4425 71 49
4426 20 95
4427 18 95
4428 47 32
4429 77 29
4430 31 88
4431 79 17
4432 3 21
4433 70 23
4434 16 85
4435 96 96
4436 61 65
4437 68 69
4438 0 82
4439 49 73
4440 17 53
4441 35 51
4442 83 50
4443 17 76
4444 1 88
4445 41 33
4446 34 79
4447 34 71
4448 68 85
4449 79 72
4450 67 68
4451 54 72
4452 86 95
4453 76 29
4454 49 85
4455 25 90
4456 48 73
4457 10 4
4458 65 73
4459 25 3
4460 74 29
4461 74 46
4462 13 87
4463 28 7
4464 54 38
4465 85 73
4466 88 13
4467 47 96
4468 64 97
4469 38 28
4470 12 82
4471 9 12
4472 36 90
4473 30 21
4474 50 34
4475 21 5
4476 4 34
4477 85 83
4478 27 47
4479 22 84
4480 50 62
4481 78 7
4482 68 72
4483 72 65
4484 59 11
4485 45 10
4486 83 71
4487 55 17
4488 68 25
4489 72 45
4490 55 58
4491 40 78
4492 35 1
4493 6 84
4494 12 35
4495 13 66
4496 71 27
4497 88 6
4498 16 72
4499 84 55
4500 30 4
4501 48 52
4502 50 25
4503 65 29
4504 13 2
4505 8 84
4506 6 30
4507 92 26
4508 14 90
4509 84 68
4510 99 36
4511 56 12
4512 47 87
4513 60 47
4514 17 60
4515 7 32
4516 70 27
4517 32 42
4518 66 63
4519 17 79
4520 22 23
4521 28 86
4522 86 29
4523 62 81
4524 43 85
4525 27 55
4526 21 15
4527 0 69
4528 29 99
4529 40 2
4530 74 43
4531 76 73
4532 55 44
4533 57 30
4534 41 66
4535 32 47
4536 0 64
4537 15 36
4538 2 75
4539 81 6
4540 21 95
4541 94 45
4542 87 24
4543 94 96
4544 30 72
4545 33 2
4546 5 75
4547 14 4
4548 64 46
4549 16 12
4550 64 81
4551 14 84
4552 49 56
4553 73 79
4554 78 0
4555 43 85
4556 47 10
4557 15 7
4558 57 85
4559 100 99
4560 27 88
4561 59 52
4562 33 33
4563 58 36
4564 39 27
4565 23 14
4566 95 97
4567 13 11
4568 80 86
4569 65 45
4570 37 76
4571 59 98
4572 72 90
4573 69 21
4574 75 85
4575 56 1
4576 74 74
4577 88 23
4578 76 35
4579 34 87
4580 29 78
4581 48 41
4582 3 36
4583 12 10
4584 68 88
4585 15 52
4586 81 70
4587 94 74
4588 85 78
4589 52 4
4590 38 98
4591 75 11
4592 68 65
4593 57 33
4594 87 51
4595 21 85
4596 45 61
4597 1 95
4598 49 21
4599 60 30
4600 51 92
4601 23 72
4602 70 38
4603 29 13
4604 35 83
4605 22 66
4606 84 53
4607 65 64
4608 15 83
4609 96 67
4610 25 5
4611 53 6
4612 79 74
4613 73 75
4614 90 97
4615 1 65
4616 38 94
4617 66 21
4618 30 100
4619 89 46
4620 80 73
4621 7 65
4622 51 39
4623 23 92
4624 54 71
4625 60 97
4626 78 5
4627 31 87
4628 83 93
4629 26 23
4630 39 43
4631 63 42
4632 69 13
4633 31 41
4634 39 45
4635 87 95
4636 11 19
4637 66 87
4638 29 53
4639 43 34
4640 73 39
4641 71 49
4642 75 74
4643 3 30
4644 16 5
4645 12 18
4646 75 44
4647 45 73
4648 59 92
4649 7 32
4650 99 80
4651 62 53
4652 66 65
4653 22 1
4654 82 37
4655 3 44
4656 83 72
4657 7 13
4658 63 20
4659 34 45
4660 45 53
4661 41 65
4662 71 73
4663 87 43
4664 19 3
4665 4 31
4666 35 84
4667 64 95
4668 15 33
4669 16 60
4670 22 83
4671 6 14
4672 45 41
4673 92 0
4674 73 60
4675 4 49
4676 42 20
4677 63 30
4678 60 82
4679 22 26
4680 42 59
4681 51 5
4682 2 40
4683 27 56
4684 33 91
4685 20 72
4686 47 9
4687 20 71
4688 53 35
4689 35 66
4690 99 11
4691 15 29
4692 28 19
4693 46 32
4694 96 74
4695 8 23
4696 70 2
4697 65 13
4698 8 80
4699 92 42
4700 48 58
4701 28 93
4702 33 26
4703 26 2
4704 86 39
4705 25 46
4706 2 83
4707 18 80
4708 87 49
4709 75 93
4710 16 15
4711 37 49
4712 94 46
4713 100 45
4714 79 31
4715 95 35
4716 5 100
4717 22 63
4718 49 73
4719 30 92
4720 36 10
4721 78 32
4722 61 4
4723 95 47
4724 74 33
4725 79 67
4726 49 19
4727 18 60
4728 47 48
4729 46 0
4730 27 91
4731 93 80
4732 22 55
4733 96 54
4734 83 32
4735 8 74
4736 60 67
4737 54 51
4738 60 82
4739 66 20
4740 85 26
4741 81 76
4742 23 97
4743 66 15
4744 6 82
4745 6 25
4746 26 92
4747 93 88
4748 99 82
4749 85 85
4750 96 67
4751 24 9
4752 18 77
4753 29 43
4754 99 73
4755 11 31
4756 85 74
4757 89 16
4758 26 18
4759 39 87
4760 34 24
4761 24 4
4762 83 80
4763 85 21
4764 7 74
4765 92 0
4766 72 74
4767 18 0
4768 11 95
4769 53 19
4770 11 33
4771 0 16
4772 27 4
4773 24 92
4774 92 53
4775 20 65
4776 9 18
4777 60 7
4778 81 33
4779 61 87
4780 6 16
4781 10 32
4782 84 90
4783 34 28
4784 53 44
4785 7 9
4786 59 59
4787 49 78
4788 74 32
4789 79 98
4790 37 24
4791 84 81
4792 88 10
4793 83 37
4794 31 2
4795 7 22
4796 16 25
4797 20 3
4798 57 72
4799 46 24
4800 83 84
4801 82 46
4802 100 9
4803 94 95
4804 92 5
4805 7 25
4806 28 89
4807 2 4
4808 7 66
4809 56 51
4810 98 71
4811 78 34
4812 80 61
4813 56 5
4814 10 59
4815 77 99
4816 41 5
4817 16 76
4818 67 18
4819 67 83
4820 83 35
4821 96 18
4822 93 70
4823 62 7
4824 58 91
4825 51 44
4826 81 48
4827 93 59
4828 7 75
4829 43 43
4830 81 83
4831 99 31
4832 1 32
4833 62 61
4834 93 88
4835 44 60
4836 86 43
4837 16 0
4838 19 35
4839 57 48
4840 52 34
4841 6 63
4842 65 60
4843 10 1
4844 12 41
4845 20 92
4846 76 68
4847 32 8
4848 10 9
4849 31 9
4850 2 51
4851 74 77
4852 42 37
4853 8 99
4854 86 65
4855 70 90
4856 43 67
4857 66 68
4858 45 100
4859 13 32
4860 98 89
4861 94 37
4862 1 45
4863 72 20
4864 51 51
4865 11 63
4866 7 94
4867 41 27
4868 79 37
4869 24 69
4870 59 33
4871 15 91
4872 49 98
4873 4 21
4874 60 17
4875 39 58
4876 50 3
4877 53 80
4878 58 40
4879 41 92
4880 72 40
4881 67 41
4882 87 28
4883 50 94
4884 25 2
4885 91 78
4886 88 23
4887 95 19
4888 43 96
4889 88 53
4890 61 80
4891 21 52
4892 36 91
4893 12 55
4894 2 28
4895 65 69
4896 92 1
4897 55 5
4898 71 47
4899 81 55
4900 66 31
4901 24 14
4902 17 14
4903 44 62
4904 24 56
4905 12 30
4906 49 47
4907 18 78
4908 34 35
4909 85 19
4910 17 59
4911 56 34
4912 100 55
4913 69 87
4914 55 60
4915 13 31
4916 36 29
4917 82 31
4918 6 2
4919 23 83
4920 87 79
4921 86 89
4922 43 79
4923 84 85
4924 0 48
4925 93 57
4926 87 35
4927 48 52
4928 72 86
4929 9 99
4930 100 17
4931 62 13
4932 17 72
4933 85 82
4934 70 45
4935 32 98
4936 25 9
4937 87 7
4938 84 63
4939 76 36
4940 76 55
4941 85 97
4942 60 81
4943 63 63
4944 60 68
4945 1 88
4946 64 89
4947 74 74
4948 7 46
4949 74 79
4950 28 35
4951 13 21
4952 31 64
4953 67 69
4954 59 61
4955 14 86
4956 86 9
4957 78 92
4958 6 44
4959 28 61
4960 40 67
4961 23 21
4962 47 24
4963 92 17
4964 89 47
4965 64 91
4966 97 79
4967 68 13
4968 37 81
4969 26 78
4970 30 67
4971 99 71
4972 32 68
4973 63 13
4974 16 87
4975 29 45
4976 44 79
4977 11 20
4978 48 6
4979 11 87
4980 100 63
4981 49 14
4982 43 81
4983 11 91
4984 62 1
4985 8 83
4986 65 64
4987 73 90
4988 87 9
4989 2 69
4990 48 84
4991 57 80
4992 89 40
4993 83 90
4994 51 37
4995 12 9
4996 3 12
4997 5 97
4998 32 62
4999 25 29
5000 54 46