1 42 31
2 3 52
3 25 60
4 59 59
5 39 73
6 66 5
7 49 0
8 47 86
9 18 3
10 33 76
11 84 69
12 47 19
13 100 58
14 58 24
15 41 10
16 64 75
17 70 41
18 42 12
19 30 85
20 95 26
21 100 11
22 88 3
23 99 37
24 72 69
25 88 21
26 6 32
27 66 60
28 100 40
29 51 78
30 70 96
31 85 33
32 72 61
33 39 85
34 65 6
35 36 91
36 36 85
37 72 92
38 11 45
39 41 8
40 71 49
41 34 72
42 95 52
43 22 49
44 20 9
45 61 70
46 34 52
47 24 34
48 53 99
49 72 33
50 96 69
51 88 21
52 35 20
53 54 7
54 26 69
55 62 71
56 83 32
57 31 44
58 89 40
59 57 61
60 69 24
61 14 47
62 69 72
63 74 21
64 14 64
65 17 29
66 15 74
67 37 35
68 89 98
69 7 60
70 15 42
71 59 83
72 27 1
73 80 25
74 88 1
75 97 53
76 15 77
77 2 56
78 47 100
79 46 73
80 74 20
81 4 73
82 79 6
83 25 81
84 56 16
85 41 38
86 51 0
87 66 88
88 95 38
89 46 73
90 51 7
91 68 90
92 100 46
93 88 8
94 5 4
95 72 13
96 81 36
97 24 61
98 49 15
99 9 99
100 40 57
101 23 31
102 12 6
103 80 69
104 96 30
105 23 69
106 71 76
107 58 90
108 90 14
109 87 14
110 26 1
111 12 100
112 24 38
113 15 92
114 21 14
115 98 12
116 53 3
117 85 32
118 80 74
119 89 41
120 74 69
121 54 76
122 75 54
123 43 17
124 20 15
125 1 88
126 5 32
127 48 94
128 99 96
129 41 79
130 81 56
131 100 56
132 86 68
133 75 29
134 21 97
135 72 15
136 45 64
137 48 31
138 78 60
139 25 35
140 59 34
141 37 60
142 9 83
143 44 67
144 96 43
145 29 25
146 67 21
147 35 22
148 35 10
149 3 35
150 48 97
151 46 57
152 86 63
153 71 87
154 88 36
155 46 9
156 60 41
157 87 86
158 47 68
159 18 46
160 99 89
161 70 26
162 11 6
163 51 13
164 95 13
165 35 5
166 22 6
167 37 22
168 85 76
169 63 73
170 1 44
171 62 63
172 25 1
173 68 26
174 89 4
175 57 75
176 86 68
177 47 94
178 47 14
179 23 61
180 95 62
181 61 77
182 56 30
183 58 61
184 59 16
185 5 29
186 74 32
187 1 75
188 97 54
189 99 6
190 22 75
191 4 0
192 53 44
193 30 75
194 20 85
195 40 78
196 0 96
197 53 88
198 91 80
199 41 60
200 21 56
201 53 24
202 84 17
203 50 60
204 6 68
205 70 43
206 36 4
207 79 30
208 88 91
209 76 49
210 22 28
211 38 89
212 74 7
213 33 75
214 63 13
215 45 23
216 46 30
217 64 67
218 83 86
219 77 3
220 40 95
221 29 9
222 7 65
223 67 8
224 40 29
225 80 19
226 42 33
227 1 47
228 12 93
229 36 98
230 33 100
231 34 50
232 74 73
233 27 96
234 35 12
235 68 97
236 8 7
237 46 93
238 14 69
239 65 96
240 83 55
241 56 84
242 47 70
243 23 66
244 96 92
245 9 85
246 72 61
247 82 87
248 84 54
249 87 53
250 72 49
251 93 79
252 20 79
253 76 18
254 18 44
255 7 8
256 69 99
257 93 9
258 75 80
259 94 86
260 49 35
261 49 34
262 53 97
263 83 5
264 82 56
265 26 24
266 1 20
267 86 68
268 14 80
269 12 92
270 70 30
271 1 28
272 100 3
273 98 26
274 42 10
275 37 23
276 32 59
277 17 38
278 52 50
279 12 51
280 43 21
281 59 86
282 36 93
283 68 56
284 62 75
285 14 22
286 41 74
287 93 51
288 42 49
289 24 91
290 51 26
291 24 70
292 35 97
293 39 57
294 48 68
295 100 4
296 36 88
297 35 91
298 89 3
299 61 76
300 80 100
301 68 33
302 52 49
303 78 71
304 82 71
305 42 54
306 29 100
307 55 34
308 94 66
309 74 49
310 65 67
311 10 55
312 48 97
313 94 42
314 68 1
315 88 12
316 75 72
317 39 75
318 29 72
319 83 91
320 43 88
321 90 13
322 97 47
323 75 81
324 74 16
325 71 8
326 39 37
327 68 26
328 83 68
329 92 1
330 53 52
331 54 70
332 3 98
333 56 72
334 55 36
335 56 94
336 30 45
337 59 100
338 90 55
339 8 76
340 59 93
341 59 13
342 21 84
343 73 43
344 52 46
345 71 20
346 4 13
347 83 29
348 39 9
349 21 59
350 82 21
351 84 4
352 90 63
353 60 31
354 29 86
355 24 46
356 4 57
357 12 93
358 35 80
359 32 22
360 3 68
361 92 57
362 22 64
363 3 58
364 26 46
365 95 58
366 93 95
367 31 75
368 91 48
369 57 80
370 39 22
371 34 4
372 74 81
373 39 4
374 21 47
375 64 99
376 98 26
377 73 0
378 40 52
379 51 43
380 31 58
381 46 43
382 85 75
383 18 47
384 55 84
385 5 53
386 75 53
387 30 41
388 52 63
389 53 38
390 79 41
391 76 6
392 75 1
393 18 59
394 96 100
395 54 87
396 84 42
397 4 88
398 73 48
399 62 33
400 57 72
401 5 11
402 39 48
403 56 67
404 42 75
405 14 68
406 67 57
407 54 63
408 25 89
409 15 43
410 68 3
411 9 55
412 69 3
413 53 19
414 63 27
415 81 23
416 76 2
417 36 22
418 7 74
419 42 91
420 60 21
421 82 57
422 94 41
423 3 88
424 7 19
425 2 79
426 68 48
427 84 4
428 92 73
429 60 50
430 38 48
431 53 28
432 0 74
433 85 15
434 21 80
435 69 91
436 86 28
437 71 71
438 69 4
439 62 7
440 69 20
441 53 82
442 12 36
443 90 32
444 19 49
445 39 87
446 37 46
447 1 93
448 75 36
449 41 43
450 87 89
451 38 24
452 58 56
453 91 71
454 3 41
455 55 67
456 72 100
457 33 89
458 63 54
459 59 20
460 8 58
461 36 38
462 30 19
463 81 89
464 34 38
465 37 78
466 12 12
467 0 80
468 13 39
469 89 42
470 59 42
471 11 99
472 57 71
473 45 17
474 85 88
475 3 18
476 79 69
477 22 62
478 26 93
479 16 4
480 98 100
481 76 60
482 0 45
483 18 91
484 20 40
485 0 14
486 47 94
487 94 60
488 6 39
489 64 33
490 55 42
491 100 85
492 57 34
493 59 100
494 60 26
495 3 63
496 26 100
497 25 31
498 40 44
499 47 40
500 32 67
501 61 29
502 98 87
503 32 90
504 97 37
505 42 58
506 29 79
507 71 7
508 42 99
509 97 34
510 72 45
511 65 81
512 6 94
513 43 39
514 0 99
515 9 26
516 50 52
517 37 79
518 75 51
519 14 90
520 73 65
521 18 98
522 83 88
523 44 37
524 57 69
525 67 76
526 14 23
527 59 52
528 8 35
529 90 69
530 57 60
531 19 66
532 12 47
533 50 46
534 16 36
535 20 51
536 46 82
537 90 12
538 99 67
539 80 70
540 0 45
541 87 99
542 84 0
543 17 23
544 100 42
545 58 78
546 76 39
547 97 88
548 31 20
549 42 45
550 4 60
551 83 41
552 54 33
553 93 53
554 84 27
555 37 8
556 60 52
557 76 91
558 12 21
559 23 63
560 63 56
561 78 68
562 78 98
563 15 67
564 61 91
565 67 41
566 94 16
567 30 69
568 89 60
569 38 26
570 11 36
571 64 82
572 4 6
573 57 38
574 38 0
575 78 62
576 38 67
577 28 100
578 87 98
579 21 55
580 69 37
581 34 13
582 47 46
583 81 82
584 53 42
585 2 42
586 46 68
587 43 13
588 53 9
589 99 19
590 93 91
591 14 81
592 72 54
593 65 13
594 99 57
595 45 5
596 60 32
597 68 25
598 5 27
599 74 15
600 15 69
601 93 96
602 49 22
603 14 85
604 96 33
605 85 68
606 27 75
607 12 17
608 80 88
609 48 33
610 29 32
611 75 24
612 61 80
613 48 23
614 35 57
615 69 71
616 38 95
617 21 16
618 81 85
619 35 91
620 31 79
621 9 19
622 23 20
623 18 68
624 53 70
625 87 27
626 35 99
627 85 66
628 98 22
629 23 14
630 65 56
631 55 87
632 46 92
633 26 36
634 17 42
635 70 66
636 44 40
637 57 50
638 82 27
639 35 99
640 55 28
641 18 68
642 27 91
643 90 40
644 63 55
645 94 8
646 96 26
647 96 40
648 91 67
649 8 93
650 98 20
651 61 6
652 74 65
653 80 57
654 5 83
655 45 35
656 16 25
657 17 99
658 31 25
659 84 2
660 45 51
661 100 31
662 50 37
663 9 54
664 65 33
665 16 82
666 85 18
667 51 13
668 12 29
669 18 2
670 27 80
671 21 22
672 85 23
673 7 29
674 65 99
675 0 16
676 76 47
677 9 59
678 70 53
679 78 76
680 79 11
681 63 88
682 52 48
683 45 44
684 78 65
685 60 3
686 78 74
687 52 51
688 55 94
689 53 88
690 40 62
691 94 28
692 49 96
693 90 51
694 26 76
695 60 26
696 73 73
697 51 4
698 32 75
699 71 59
700 71 54
701 100 78
702 65 20
703 47 18
704 82 18
705 52 4
706 45 9
707 78 96
708 65 64
709 61 43
710 9 94
711 1 91
712 42 54
713 43 39
714 55 74
715 31 95
716 52 82
717 50 46
718 93 85
719 1 73
720 1 8
721 45 65
722 16 0
723 8 82
724 18 53
725 43 51
726 65 77
727 7 5
728 62 71
729 27 9
730 74 12
731 31 49
732 23 67
733 21 90
734 5 20
735 75 8
736 50 9
737 100 0
738 98 22
739 78 14
740 73 0
741 9 59
742 4 41
743 75 14
744 36 66
745 2 75
746 86 63
747 0 61
748 95 37
749 55 81
750 0 13
751 69 44
752 72 100
753 81 93
754 12 40
755 7 79
756 56 100
757 1 6
758 28 59
759 84 81
760 75 50
761 79 59
762 1 33
763 67 20
764 10 86
765 99 9
766 24 71
767 86 76
768 41 81
769 81 68
770 91 64
771 100 49
772 0 92
773 65 30
774 8 25
775 46 40
776 83 99
777 13 64
778 75 37
779 67 12
780 52 78
781 46 88
782 6 98
783 17 13
784 52 22
785 54 38
786 13 68
787 4 59
788 29 49
789 55 31
790 80 57
791 98 69
792 72 63
793 17 26
794 22 58
795 92 90
796 68 69
797 25 84
798 84 22
799 5 25
800 2 29
801 43 14
802 0 6
803 63 96
804 14 25
805 98 71
806 54 81
807 64 19
808 85 90
809 50 88
810 1 75
811 97 39
812 27 60
813 84 24
814 61 19
815 99 25
816 63 75
817 66 64
818 6 67
819 85 86
820 86 85
821 2 4
822 90 44
823 43 18
824 37 75
825 26 90
826 12 53
827 19 96
828 87 10
829 82 84
830 35 8
831 22 76
832 29 5
833 58 57
834 72 53
835 52 17
836 68 67
837 40 45
838 20 92
839 63 87
840 5 92
841 19 80
842 71 66
843 66 86
844 43 72
845 11 25
846 48 38
847 66 30
848 56 88
849 30 65
850 4 78
851 26 1
852 28 95
853 67 59
854 45 76
855 85 94
856 26 7
857 57 87
858 25 93
859 71 20
860 24 50
861 78 45
862 46 70
863 1 77
864 57 4
865 0 74
866 25 69
867 6 33
868 76 42
869 91 4
870 0 92
871 8 52
872 96 75
873 26 33
874 65 75
875 95 26
876 27 74
877 38 74
878 61 18
879 29 72
880 96 81
881 66 5
882 6 2
883 32 87
884 65 94
885 80 8
886 84 34
887 34 93
888 43 80
889 40 6
890 2 75
891 61 45
892 60 33
893 71 81
894 38 1
895 23 7
896 1 68
897 9 69
898 74 49
899 35 45
900 14 30
901 76 78
902 46 65
903 87 75
904 11 36
905 71 88
906 40 83
907 3 33
908 27 57
909 5 39
910 23 48
911 72 69
912 26 34
913 46 28
914 64 49
915 17 31
916 47 58
917 25 74
918 64 87
919 0 8
920 69 94
921 59 45
922 40 92
923 13 76
924 4 62
925 53 62
926 40 51
927 34 53
928 80 44
929 51 3
930 95 35
931 90 69
932 60 99
933 88 49
934 45 86
935 5 65
936 15 89
937 79 35
938 88 1
939 14 86
940 38 77
941 68 27
942 10 65
943 86 71
944 97 95
945 71 70
946 28 51
947 86 93
948 43 30
949 65 93
950 30 19
951 47 92
952 81 11
953 5 99
954 78 62
955 45 3
956 0 67
957 62 73
958 6 39
959 98 3
960 21 36
961 92 39
962 63 27
963 98 3
964 66 27
965 56 39
966 14 35
967 31 78
968 52 98
969 74 59
970 80 38
971 0 87
972 98 26
973 35 33
974 13 90
975 27 78
976 85 93
977 34 88
978 15 87
979 91 72
980 87 5
981 66 94
982 44 10
983 33 39
984 12 13
985 98 85
986 62 47
987 25 74
988 94 82
989 29 48
990 99 71
991 63 18
992 96 68
993 63 7
994 88 47
995 68 44
996 9 32
997 0 60
998 70 73
999 22 72
1000 51 92
1001 39 24
1002 4 71
1003 50 52
1004 77 94
1005 37 69
1006 70 46
1007 27 57
1008 2 73
1009 42 57
1010 1 87
1011 30 8
1012 42 99
1013 65 20
1014 64 6
1015 89 94
1016 0 54
1017 36 4
1018 96 4
1019 57 70
1020 67 50
1021 72 11
1022 17 51
1023 77 89
1024 45 59
1025 40 62
1026 68 59
1027 53 2
1028 98 18
1029 3 21
1030 37 92
1031 44 75
1032 21 11
1033 76 71
1034 35 13
1035 92 68
1036 5 83
1037 72 33
1038 35 56
1039 49 85
1040 33 8
1041 52 34
1042 23 77
1043 100 14
1044 40 0
1045 33 62
1046 36 48
1047 3 2
1048 47 45
1049 82 24
1050 64 29
1051 60 69
1052 94 70
1053 14 26
1054 81 10
1055 94 61
1056 97 21
1057 65 95
1058 3 11
1059 75 13
1060 46 28
1061 63 87
1062 43 5
1063 90 10
1064 5 100
1065 34 10
1066 19 15
1067 71 57
1068 44 87
1069 60 50
1070 69 34
1071 55 51
1072 60 21
1073 44 31
1074 68 25
1075 41 16
1076 67 40
1077 42 80
1078 29 4
1079 75 44
1080 78 32
1081 72 74
1082 81 92
1083 16 10
1084 99 63
1085 94 96
1086 11 40
1087 88 80
1088 34 8
1089 65 34
1090 99 98
1091 88 54
1092 69 31
1093 21 91
1094 17 64
1095 31 74
1096 84 23
1097 98 85
1098 14 14
1099 35 94
1100 14 89
1101 25 5
1102 81 57
1103 19 33
1104 62 80
1105 27 72
1106 76 21
1107 64 71
1108 0 20
1109 18 8
1110 11 2
1111 67 23
1112 7 15
1113 43 76
1114 97 23
1115 2 87
1116 98 53
1117 69 96
1118 38 8
1119 7 90
1120 83 93
1121 16 91
1122 10 64
1123 14 39
1124 90 49
1125 98 92
1126 53 84
1127 51 97
1128 25 32
1129 1 35
1130 78 47
1131 23 51
1132 98 31
1133 78 46
1134 13 82
1135 87 70
1136 22 23
1137 12 83
1138 73 86
1139 25 86
1140 61 69
1141 20 31
1142 47 76
1143 79 41
1144 82 50
1145 86 56
1146 96 9
1147 12 69
1148 79 43
1149 8 95
1150 20 74
1151 99 67
1152 78 17
1153 75 60
1154 68 0
1155 47 95
1156 93 26
1157 53 72
1158 24 50
1159 0 2
1160 36 21
1161 66 7
1162 86 8
1163 14 87
1164 53 50
1165 6 37
1166 42 4
1167 64 15
1168 19 22
1169 60 70
1170 31 87
1171 67 63
1172 19 3
1173 58 39
1174 46 70
1175 100 69
1176 73 90
1177 16 50
1178 73 79
1179 1 38
1180 10 43
1181 72 2
1182 40 6
1183 92 94
1184 86 19
1185 51 73
1186 82 2
1187 67 60
1188 100 70
1189 88 69
1190 72 4
1191 31 68
1192 86 67
1193 44 53
1194 15 13
1195 23 4
1196 17 60
1197 60 33
1198 43 16
1199 85 40
1200 17 27
1201 25 95
1202 53 9
1203 24 80
1204 27 76
1205 88 13
1206 35 60
1207 86 4
1208 12 73
1209 46 23
1210 25 14
1211 95 37
1212 27 74
1213 77 14
1214 52 35
1215 74 47
1216 73 94
1217 26 93
1218 56 99
1219 60 41
1220 21 75
1221 12 51
1222 22 9
1223 100 53
1224 2 3
1225 76 30
1226 67 88
1227 90 70
1228 59 74
1229 89 56
1230 88 94
1231 57 1
1232 5 30
1233 53 1
1234 39 72
1235 27 50
1236 4 0
1237 60 80
1238 49 6
1239 49 20
1240 18 10
1241 86 97
1242 23 23
1243 61 60
1244 92 13
1245 17 53
1246 4 13
1247 32 58
1248 34 95
1249 86 31
1250 25 4
1251 37 4
1252 87 73
1253 79 29
1254 52 95
1255 63 69
1256 1 93
1257 87 70
1258 6 67
1259 6 7
1260 86 25
1261 98 73
1262 71 1
1263 54 13
1264 64 77
1265 48 61
1266 34 87
1267 0 77
1268 4 74
1269 56 63
1270 17 66
1271 46 80
1272 36 83
1273 97 1
1274 12 10
1275 8 25
1276 67 38
1277 6 49
1278 92 71
1279 73 39
1280 32 39
1281 43 50
1282 49 50
1283 31 24
1284 41 35
1285 15 61
1286 14 50
1287 17 46
1288 80 87
1289 9 83
1290 85 87
1291 5 85
1292 66 79
1293 95 73
1294 71 66
1295 90 9
1296 7 76
1297 9 39
1298 76 91
1299 32 88
1300 9 93
1301 81 88
1302 100 18
1303 66 71
1304 82 43
1305 47 57
1306 71 50
1307 45 39
1308 9 81
1309 36 10
1310 82 73
1311 98 57
1312 46 81
1313 68 54
1314 38 89
1315 59 72
1316 63 37
1317 64 34
1318 53 27
1319 45 37
1320 36 9
1321 16 80
1322 5 9
1323 72 3
1324 6 5
1325 2 71
1326 35 73
1327 14 3
1328 49 11
1329 5 14
1330 92 82
1331 33 11
1332 42 20
1333 85 82
1334 75 47
1335 92 91
1336 59 35
1337 62 10
1338 73 98
1339 29 26
1340 8 39
1341 36 94
1342 30 20
1343 6 64
1344 57 100
1345 98 2
1346 68 69
1347 19 60
1348 25 12
1349 67 63
1350 84 76
1351 29 4
1352 62 14
1353 55 58
1354 100 42
1355 90 67
1356 39 55
1357 84 76
1358 70 64
1359 14 67
1360 23 88
1361 2 64
1362 76 12
1363 68 53
1364 86 58
1365 84 47
1366 32 48
1367 20 53
1368 71 83
1369 73 24
1370 4 88
1371 54 56
1372 16 63
1373 56 28
1374 77 55
1375 13 7
1376 45 33
1377 41 72
1378 97 90
1379 24 52
1380 91 97
1381 36 54
1382 81 12
1383 86 62
1384 43 44
1385 30 25
1386 10 69
1387 98 31
1388 55 28
1389 28 10
1390 12 96
1391 7 76
1392 32 53
1393 84 72
1394 65 65
1395 75 88
1396 12 32
1397 63 98
1398 19 93
1399 6 7
1400 7 92
1401 97 54
1402 87 1
1403 81 70
1404 16 26
1405 32 87
1406 20 52
1407 37 59
1408 84 80
1409 43 88
1410 28 95
1411 89 22
1412 65 66
1413 56 14
1414 46 2
1415 6 62
1416 89 54
1417 29 22
1418 92 55
1419 13 19
1420 65 7
1421 97 78
1422 23 4
1423 70 9
1424 93 46
1425 50 15
1426 78 10
1427 95 5
1428 45 12
1429 44 88
1430 20 91
1431 32 19
1432 83 99
1433 89 83
1434 96 12
1435 48 37
1436 5 23
1437 74 84
1438 63 73
1439 15 2
1440 88 21
1441 29 53
1442 73 53
1443 65 64
1444 5 73
1445 73 99
1446 8 98
1447 29 37
1448 38 35
1449 19 72
1450 21 62
1451 26 100
1452 20 95
1453 0 14
1454 4 4
1455 66 71
1456 3 34
1457 45 4
1458 73 71
1459 26 47
1460 99 87
1461 71 59
1462 88 61
1463 39 85
1464 91 4
1465 59 22
1466 4 96
1467 14 20
1468 11 62
1469 37 90
1470 73 40
1471 39 65
1472 87 66
1473 15 36
1474 53 39
1475 43 100
1476 71 81
1477 92 61
1478 8 98
1479 65 40
1480 44 70
1481 85 55
1482 5 79
1483 69 62
1484 72 7
1485 98 50
1486 52 71
1487 22 9
1488 1 21
1489 12 38
1490 97 84
1491 7 63
1492 35 33
1493 87 81
1494 45 47
1495 82 53
1496 32 46
1497 27 49
1498 51 6
1499 22 33
1500 22 94
1501 39 91
1502 5 50
1503 80 65
1504 20 62
1505 73 39
1506 100 72
1507 21 32
1508 85 25
1509 50 49
1510 22 87
1511 87 4
1512 69 19
1513 9 28
1514 12 96
1515 66 66
1516 73 11
1517 12 0
1518 4 88
1519 46 40
1520 50 76
1521 2 23
1522 95 90
1523 57 39
1524 21 18
1525 18 33
1526 77 32
1527 88 60
1528 51 63
1529 30 14
1530 37 48
1531 77 14
1532 5 89
1533 27 66
1534 61 66
1535 68 60
1536 69 57
1537 18 39
1538 13 46
1539 36 14
1540 49 42
1541 81 47
1542 30 82
1543 49 72
1544 3 11
1545 55 67
1546 9 94
1547 14 3
1548 3 50
1549 55 97
1550 0 59
1551 7 32
1552 51 75
1553 92 83
1554 7 86
1555 75 4
1556 88 11
1557 73 52
1558 13 89
1559 95 19
1560 43 33
1561 97 34
1562 52 35
1563 50 65
1564 28 80
1565 16 72
1566 87 56
1567 25 9
1568 16 22
1569 97 18
1570 36 20
1571 28 75
1572 6 44
1573 90 98
1574 74 47
1575 99 63
1576 13 13
1577 45 64
1578 85 89
1579 5 5
1580 47 49
1581 74 37
1582 11 15
1583 62 74
1584 67 61
1585 9 33
1586 77 84
1587 89 52
1588 69 50
1589 33 63
1590 6 66
1591 55 10
1592 50 85
1593 12 74
1594 98 7
1595 81 35
1596 84 16
1597 42 97
1598 19 31
1599 66 26
1600 54 14
1601 47 26
1602 8 6
1603 66 84
1604 25 56
1605 3 10
1606 93 34
1607 78 30
1608 3 72
1609 78 86
1610 19 57
1611 74 50
1612 57 26
1613 35 90
1614 36 26
1615 87 42
1616 49 27
1617 19 44
1618 90 15
1619 81 94
1620 92 19
1621 39 14
1622 81 73
1623 66 21
1624 4 80
1625 98 46
1626 54 51
1627 30 23
1628 59 56
1629 70 22
1630 38 64
1631 43 65
1632 90 73
1633 51 72
1634 6 75
1635 13 15
1636 7 77
1637 27 95
1638 49 82
1639 21 97
1640 85 99
1641 33 53
1642 63 0
1643 0 21
1644 100 3
1645 7 64
1646 73 17
1647 52 16
1648 55 39
1649 72 73
1650 51 38
1651 18 85
1652 38 67
1653 40 18
1654 44 6
1655 53 95
1656 52 24
1657 60 80
1658 11 26
1659 32 48
1660 59 84
1661 79 79
1662 54 29
1663 44 15
1664 70 61
1665 52 71
1666 59 30
1667 65 67
1668 58 55
1669 28 12
1670 21 70
1671 76 4
1672 28 30
1673 28 30
1674 47 26
1675 83 89
1676 68 58
1677 83 32
1678 63 91
1679 10 80
1680 5 33
1681 33 22
1682 65 56
1683 26 96
1684 11 33
1685 61 73
1686 99 36
1687 76 39
1688 55 39
1689 95 10
1690 29 83
1691 78 77
1692 50 7
1693 39 71
1694 90 35
1695 21 86
1696 46 3
1697 56 17
1698 54 40
1699 22 42
1700 19 74
1701 94 12
1702 33 39
1703 28 54
1704 54 75
1705 16 69
1706 44 39
1707 22 34
1708 62 86
1709 10 53
1710 32 87
1711 96 55
1712 19 62
1713 38 27
1714 51 21
1715 32 35
1716 91 84
1717 0 0
1718 24 87
1719 80 35
1720 2 93
1721 2 92
1722 49 79
1723 77 26
1724 69 86
1725 39 3
1726 82 15
1727 95 41
1728 46 91
1729 65 90
1730 80 56
1731 19 88
1732 93 32
1733 87 45
1734 8 49
1735 81 16
1736 21 29
1737 89 49
1738 97 6
1739 90 39
1740 87 36
1741 22 33
1742 99 100
1743 28 44
1744 5 64
1745 45 84
1746 17 28
1747 13 73
1748 34 14
1749 12 17
1750 10 76
1751 71 59
1752 80 11
1753 79 50
1754 53 8
1755 75 63
1756 23 64
1757 63 50
1758 79 6
1759 64 42
1760 78 31
1761 75 62
1762 4 22
1763 86 31
1764 10 51
1765 40 68
1766 86 63
1767 88 35
1768 30 67
1769 65 29
1770 66 92
1771 31 86
1772 82 67
1773 51 53
1774 61 0
1775 89 64
1776 32 99
1777 56 43
1778 38 68
1779 98 8
1780 45 82
1781 82 70
1782 66 34
1783 10 59
1784 11 47
1785 16 44
1786 8 73
1787 11 29
1788 75 50
1789 68 17
1790 94 75
1791 88 73
1792 24 62
1793 63 86
1794 47 69
1795 72 29
1796 37 91
1797 64 73
1798 15 95
1799 15 83
1800 68 91
1801 89 43
1802 57 56
1803 56 86
1804 86 20
1805 93 69
1806 37 16
1807 49 71
1808 70 51
1809 3 16
1810 19 39
1811 26 1
1812 69 79
1813 60 66
1814 34 57
1815 80 29
1816 23 20
1817 76 70
1818 75 5
1819 69 3
1820 63 80
1821 12 25
1822 58 46
1823 14 8
1824 98 32
1825 97 33
1826 56 23
1827 1 43
1828 27 8
1829 92 40
1830 40 62
1831 27 74
1832 21 70
1833 7 7
1834 69 62
1835 11 68
1836 45 75
1837 46 92
1838 37 72
1839 62 17
1840 14 78
1841 62 34
1842 50 53
1843 94 65
1844 24 93
1845 89 43
1846 35 71
1847 97 41
1848 43 16
1849 84 42
1850 18 67
1851 68 99
1852 67 42
1853 17 92
1854 0 74
1855 13 76
1856 20 91
1857 10 62
1858 65 35
1859 15 24
1860 53 77
1861 39 55
1862 87 52
1863 21 65
1864 25 65
1865 82 46
1866 86 77
1867 68 94
1868 34 31
1869 22 61
1870 75 35
1871 94 28
1872 32 80
1873 81 2
1874 70 18
1875 59 67
1876 64 77
1877 74 9
1878 63 79
1879 43 11
1880 28 99
1881 87 37
1882 98 79
1883 11 16
1884 13 91
1885 6 73
1886 40 0
1887 85 61
1888 53 82
1889 57 48
1890 56 93
1891 73 39
1892 4 42
1893 65 35
1894 2 64
1895 66 30
1896 100 52
1897 84 78
1898 6 31
1899 43 63
1900 87 46
1901 65 77
1902 19 0
1903 66 29
1904 41 53
1905 68 41
1906 5 57
1907 94 92
1908 44 40
1909 21 33
1910 83 30
1911 19 73
1912 15 67
1913 80 0
1914 76 7
1915 80 73
1916 46 83
1917 2 11
1918 69 85
1919 87 88
1920 95 73
1921 37 57
1922 21 4
1923 77 68
1924 26 27
1925 13 4
1926 99 53
1927 94 100
1928 42 95
1929 0 27
1930 79 81
1931 51 73
1932 10 15
1933 18 24
1934 48 3
1935 18 72
1936 89 74
1937 69 36
1938 21 58
1939 47 10
1940 42 27
1941 69 11
1942 44 85
1943 81 35
1944 18 45
1945 20 1
1946 100 82
1947 88 57
1948 96 41
1949 73 49
1950 54 92
1951 88 28
1952 13 57
1953 37 50
1954 35 78
1955 22 91
1956 10 85
1957 62 35
1958 82 27
1959 9 4
1960 29 20
1961 43 94
1962 42 7
1963 40 54
1964 7 65
1965 46 92
1966 34 44
1967 30 62
1968 81 13
1969 4 16
1970 24 6
1971 34 78
1972 21 4
1973 89 34
1974 100 44
1975 48 64
1976 9 1
1977 39 83
1978 77 75
1979 61 9
1980 31 100
1981 87 78
1982 97 75
1983 7 64
1984 74 37
1985 2 12
1986 74 18
1987 38 74
1988 36 63
1989 12 67
1990 86 83
1991 49 55
1992 65 67
1993 77 68
1994 1 55
1995 7 51
1996 36 80
1997 100 4
1998 48 70
1999 82 86
2000 12 32
2001 13 32
2002 69 6
2003 79 7
2004 44 35
2005 5 57
2006 65 6
2007 83 33
2008 9 48
2009 49 28
2010 9 32
2011 55 26
2012 83 42
2013 69 20
2014 85 55
2015 69 18
2016 7 45
2017 85 31
2018 52 74
2019 5 7
2020 60 40
2021 54 13
2022 50 47
2023 5 92
2024 99 10
2025 1 6
2026 29 74
2027 79 39
2028 2 82
2029 64 93
2030 5 21
2031 85 60
2032 85 89
2033 67 62
2034 9 78
2035 88 90
2036 67 9
2037 12 62
2038 81 62
2039 65 3
2040 90 64
2041 57 7
2042 79 78
2043 64 79
2044 37 30
2045 84 35
2046 0 5
2047 24 21
2048 47 73
2049 18 23
2050 41 81
2051 74 90
2052 96 19
2053 56 0
2054 4 81
2055 50 97
2056 84 57
2057 64 87
2058 12 3
2059 38 19
2060 20 96
2061 100 56
2062 62 89
2063 3 91
2064 90 89
2065 15 69
2066 3 77
2067 8 16
2068 40 54
2069 18 19
2070 91 61
2071 49 27
2072 53 96
2073 96 1
2074 63 33
2075 45 38
2076 18 84
2077 100 93
2078 15 87
2079 40 80
2080 39 32
2081 96 20
2082 3 46
2083 67 78
2084 96 5
2085 66 57
2086 70 47
2087 17 20
2088 66 65
2089 2 53
2090 31 12
2091 97 73
2092 52 34
2093 62 92
2094 6 100
2095 8 41
2096 24 34
2097 63 47
2098 70 27
2099 50 88
2100 93 18
2101 47 43
2102 46 53
2103 46 84
2104 26 100
2105 85 42
2106 74 67
2107 17 92
2108 45 94
2109 85 91
2110 50 87
2111 85 62
2112 27 63
2113 51 91
2114 4 88
2115 46 26
2116 62 83
2117 28 67
2118 41 4
2119 66 38
2120 95 36
2121 6 55
2122 20 83
2123 24 2
2124 15 93
2125 30 89
2126 83 75
2127 79 1
2128 5 5
2129 72 86
2130 1 61
2131 23 26
2132 26 53
2133 27 56
2134 83 80
2135 95 25
2136 66 52
2137 50 32
2138 22 86
2139 92 100
2140 59 56
2141 73 99
2142 24 19
2143 27 52
2144 63 50
2145 25 25
2146 11 8
2147 15 59
2148 23 83
2149 65 8
2150 33 45
2151 77 66
2152 27 26
2153 65 36
2154 62 6
2155 55 24
2156 12 31
2157 15 51
2158 98 66
2159 45 3
2160 54 60
2161 34 67
2162 47 67
2163 75 69
2164 36 13
2165 26 25
2166 82 21
2167 16 59
2168 75 23
2169 56 87
2170 51 14
2171 93 87
2172 6 1
2173 19 76
2174 100 19
2175 19 54
2176 14 21
2177 37 95
2178 33 72
2179 23 50
2180 17 46
2181 29 3
2182 99 81
2183 76 96
2184 7 84
2185 49 98
2186 74 21
2187 39 25
2188 40 34
2189 19 39
2190 1 26
2191 32 33
2192 39 90
2193 78 15
2194 79 72
2195 77 44
2196 94 0
2197 10 95
2198 13 36
2199 62 53
2200 97 59
2201 41 53
2202 74 22
2203 80 71
2204 82 58
2205 60 7
2206 51 15
2207 63 61
2208 77 43
2209 54 90
2210 14 91
2211 39 84
2212 73 64
2213 83 76
2214 35 28
2215 62 91
2216 61 100
2217 44 16
2218 22 10
2219 79 11
2220 36 99
2221 7 72
2222 36 89
2223 11 41
2224 74 86
2225 14 77
2226 8 98
2227 10 2
2228 100 83
2229 97 51
2230 68 1
2231 37 86
2232 50 88
2233 66 88
2234 30 88
2235 38 48
2236 79 50
2237 95 90
2238 72 96
2239 85 77
2240 57 7
2241 9 1
2242 5 27
2243 73 22
2244 15 52
2245 56 98
2246 97 84
2247 53 55
2248 63 51
2249 49 100
2250 25 91
2251 45 49
2252 95 54
2253 8 43
2254 96 83
2255 46 97
2256 24 0
2257 73 79
2258 44 91
2259 2 6
2260 35 25
2261 65 54
2262 24 24
2263 97 37
2264 22 3
2265 6 5
2266 46 48
2267 47 99
2268 12 27
2269 22 67
2270 92 47
2271 100 11
2272 52 78
2273 59 39
2274 1 67
2275 54 31
2276 63 24
2277 49 8
2278 8 68
2279 82 75
2280 90 37
2281 39 39
2282 11 43
2283 89 16
2284 20 91
2285 48 68
2286 48 26
2287 37 71
2288 84 16
2289 86 11
2290 24 90
2291 52 34
2292 71 7
2293 98 13
2294 63 47
2295 45 50
2296 86 32
2297 20 26
2298 1 64
2299 7 23
2300 21 41
2301 77 60
2302 1 69
2303 2 75
2304 63 30
2305 43 42
2306 98 50
2307 90 56
2308 69 99
2309 51 25
2310 44 61
2311 94 68
2312 71 68
2313 90 28
2314 59 94
2315 48 69
2316 77 31
2317 80 12
2318 24 64
2319 43 8
2320 93 98
2321 6 23
2322 59 26
2323 40 52
2324 14 64
2325 51 85
2326 69 21
2327 3 90
2328 6 4
2329 10 57
2330 15 29
2331 42 52
2332 51 23
2333 16 36
2334 42 29
2335 75 90
2336 97 60
2337 19 4
2338 87 19
2339 1 74
2340 52 53
2341 62 91
2342 80 99
2343 66 39
2344 3 62
2345 16 14
2346 73 18
2347 24 16
2348 43 42
2349 71 67
2350 58 11
2351 72 70
2352 70 21
2353 11 26
2354 80 3
2355 47 57
2356 31 11
2357 47 27
2358 95 43
2359 25 99
2360 29 89
2361 87 34
2362 34 98
2363 26 40
2364 89 99
2365 60 91
2366 6 20
2367 81 91
2368 80 6
2369 51 3
2370 47 97
2371 70 39
2372 27 17
2373 7 26
2374 16 18
2375 56 68
2376 11 36
2377 71 20
2378 93 9
2379 37 88
2380 97 0
2381 66 1
2382 6 85
2383 54 8
2384 36 89
2385 8 43
2386 100 85
2387 52 40
2388 82 34
2389 86 42
2390 93 17
2391 9 50
2392 68 99
2393 36 27
2394 43 78
2395 73 97
2396 96 69
2397 92 89
2398 19 54
2399 63 34
2400 56 61
2401 93 25
2402 57 85
2403 17 58
2404 79 85
2405 37 83
2406 71 77
2407 88 19
2408 56 79
2409 86 52
2410 83 42
2411 9 100
2412 72 97
2413 41 27
2414 6 28
2415 25 69
2416 81 7
2417 97 5
2418 21 100
2419 53 56
2420 94 36
2421 27 24
2422 14 78
2423 98 22
2424 9 45
2425 60 73
2426 35 99
2427 57 88
2428 39 2
2429 98 19
2430 51 42
2431 52 80
2432 24 63
2433 28 32
2434 48 66
2435 91 87
2436 64 27
2437 19 94
2438 42 24
2439 66 7
2440 8 28
2441 35 68
2442 15 1
2443 7 28
2444 89 5
2445 91 91
2446 94 89
2447 2 61
2448 33 55
2449 26 14
2450 25 13
2451 77 47
2452 1 24
2453 82 74
2454 66 38
2455 13 23
2456 55 64
2457 65 54
2458 42 22
2459 13 19
2460 2 52
2461 9 91
2462 62 78
2463 6 84
2464 32 51
2465 68 95
2466 49 11
2467 69 50
2468 21 4
2469 21 16
2470 7 92
2471 2 93
2472 20 99
2473 89 74
2474 76 91
2475 80 40
2476 89 10
2477 16 48
2478 88 100
2479 63 60
2480 30 4
2481 80 89
2482 80 67
2483 12 18
2484 96 79
2485 90 5
2486 4 30
2487 74 64
2488 55 61
2489 33 69
2490 30 7
2491 42 45
2492 87 97
2493 92 61
2494 44 32
2495 75 85
2496 5 39
2497 7 55
2498 4 90
2499 90 37
2500 55 74
2501 72 88
2502 77 43
2503 93 50
2504 82 7
2505 20 44
2506 79 94
2507 87 97
2508 65 21
2509 27 14
2510 69 78
2511 91 80
2512 5 58
2513 50 32
2514 64 86
2515 30 87
2516 67 24
2517 17 42
2518 94 50
2519 60 82
2520 7 53
2521 37 8
2522 12 97
2523 10 5
2524 9 67
2525 55 90
2526 58 46
2527 97 75
2528 46 82
2529 38 77
2530 99 60
2531 92 73
2532 22 34
2533 9 66
2534 81 66
2535 70 44
2536 83 72
2537 68 8
2538 29 18
2539 23 37
2540 80 8
2541 20 60
2542 1 3
2543 8 53
2544 77 16
2545 42 84
2546 0 65
2547 38 89
2548 24 58
2549 42 34
2550 4 27
2551 47 5
2552 70 5
2553 59 29
2554 55 93
2555 44 34
2556 99 86
2557 59 87
2558 100 52
2559 80 74
2560 78 54
2561 7 35
2562 17 93
2563 87 46
2564 86 32
2565 13 73
2566 31 7
2567 5 6
2568 83 12
2569 13 5
2570 2 85
2571 71 68
2572 51 46
2573 79 27
2574 78 100
2575 4 28
2576 2 91
2577 81 12
2578 90 86
2579 97 18
2580 29 39
2581 99 78
2582 92 88
2583 73 15
2584 17 59
2585 18 85
2586 15 61
2587 95 37
2588 64 60
2589 81 12
2590 6 13
2591 89 6
2592 18 84
2593 49 91
2594 8 52
2595 10 1
2596 69 59
2597 38 92
2598 3 98
2599 8 93
2600 84 100
2601 24 13
2602 91 52
2603 4 50
2604 45 76
2605 78 91
2606 36 70
2607 55 88
2608 57 89
2609 78 3
2610 46 87
2611 64 71
2612 79 41
2613 58 11
2614 54 53
2615 31 7
2616 27 100
2617 67 14
2618 82 77
2619 82 13
2620 30 80
2621 72 48
2622 43 45
2623 67 21
2624 53 14
2625 38 95
2626 11 17
2627 52 73
2628 93 63
2629 57 27
2630 59 95
2631 78 89
2632 95 72
2633 88 13
2634 96 73
2635 37 33
2636 32 99
2637 33 64
2638 68 32
2639 64 31
2640 62 59
2641 59 95
2642 71 93
2643 66 71
2644 18 92
2645 43 81
2646 95 86
2647 95 71
2648 96 98
2649 22 13
2650 36 28
2651 90 55
2652 17 26
2653 30 3
2654 34 84
2655 71 62
2656 44 36
2657 78 72
2658 5 30
2659 19 77
2660 36 84
2661 83 13
2662 85 92
2663 22 16
2664 32 41
2665 36 83
2666 45 40
2667 36 33
2668 29 23
2669 40 50
2670 4 61
2671 28 94
2672 20 42
2673 95 54
2674 19 52
2675 51 12
2676 15 13
2677 0 94
2678 69 74
2679 22 1
2680 37 46
2681 53 57
2682 1 99
2683 21 30
2684 71 80
2685 32 75
2686 57 39
2687 9 49
2688 42 42
2689 21 50
2690 78 66
2691 53 22
2692 35 44
2693 18 53
2694 78 48
2695 71 95
2696 94 90
2697 98 7
2698 31 66
2699 73 21
2700 16 97
2701 74 64
2702 36 80
2703 23 27
2704 65 41
2705 48 67
2706 94 8
2707 5 78
2708 63 93
2709 92 52
2710 59 21
2711 66 66
2712 42 58
2713 69 38
2714 85 80
2715 75 84
2716 4 20
2717 71 15
2718 15 86
2719 99 50
2720 60 36
2721 34 18
2722 25 95
2723 54 28
2724 62 92
2725 2 26
2726 77 58
2727 18 59
2728 68 81
2729 61 99
2730 82 92
2731 64 33
2732 27 88
2733 18 94
2734 57 42
2735 60 87
2736 0 23
2737 52 1
2738 8 34
2739 49 51
2740 85 64
2741 3 36
2742 56 36
2743 90 11
2744 72 5
2745 77 31
2746 24 82
2747 72 58
2748 36 57
2749 72 1
2750 82 80
2751 59 70
2752 100 0
2753 29 61
2754 30 53
2755 38 38
2756 68 67
2757 67 98
2758 11 67
2759 81 66
2760 97 14
2761 45 53
2762 99 12
2763 24 94
2764 90 88
2765 98 35
2766 61 66
2767 11 94
2768 71 62
2769 84 34
2770 70 39
2771 4 15
2772 64 55
2773 1 83
2774 33 71
2775 32 83
2776 53 45
2777 63 30
2778 87 48
2779 87 37
2780 86 67
2781 99 93
2782 72 63
2783 44 96
2784 78 95
2785 79 46
2786 20 60
2787 55 53
2788 98 77
2789 72 90
2790 80 91
2791 39 20
2792 100 48
2793 40 87
2794 69 92
2795 31 40
2796 51 44
2797 78 41
2798 5 28
2799 92 86
2800 11 12
2801 16 76
2802 87 35
2803 46 100
2804 80 92
2805 45 89
2806 20 3
2807 75 81
2808 4 85
2809 17 21
2810 43 85
2811 77 21
2812 64 95
2813 97 18
2814 35 71
2815 89 53
2816 12 59
2817 93 95
2818 73 32
2819 80 21
2820 29 9
2821 79 40
2822 48 14
2823 91 25
2824 33 32
2825 81 88
2826 29 39
2827 81 48
2828 81 46
2829 59 3
2830 29 86
2831 83 66
2832 2 1
2833 75 84
2834 4 94
2835 1 15
2836 92 43
2837 37 70
2838 76 73
2839 24 50
2840 93 45
2841 48 10
2842 10 6
2843 49 60
2844 6 58
2845 85 91
2846 7 52
2847 73 82
2848 66 34
2849 66 61
2850 7 14
2851 42 68
2852 59 17
2853 54 90
2854 81 74
2855 100 4
2856 86 84
2857 47 14
2858 34 62
2859 58 69
2860 38 92
2861 16 2
2862 43 57
2863 4 10
2864 0 23
2865 24 94
2866 26 57
2867 97 86
2868 60 21
2869 80 35
2870 12 18
2871 10 76
2872 80 58
2873 90 72
2874 43 30
2875 85 70
2876 6 6
2877 4 53
2878 41 80
2879 86 23
2880 43 51
2881 29 53
2882 46 38
2883 64 42
2884 88 4
2885 90 47
2886 89 70
2887 27 69
2888 58 46
2889 59 44
2890 68 49
2891 45 90
2892 61 69
2893 10 11
2894 50 24
2895 58 97
2896 84 17
2897 57 45
2898 20 42
2899 77 69
2900 42 24
2901 59 88
2902 62 13
2903 74 20
2904 78 31
2905 56 7
2906 31 82
2907 72 53
2908 36 44
2909 6 27
2910 3 50
2911 55 54
2912 31 83
2913 32 92
2914 69 53
2915 13 86
2916 66 83
2917 47 53
2918 73 77
2919 86 66
2920 73 33
2921 74 65
2922 77 55
2923 96 77
2924 29 51
2925 43 59
2926 95 98
2927 46 79
2928 47 46
2929 10 21
2930 70 15
2931 49 28
2932 77 35
2933 78 41
2934 59 22
2935 86 43
2936 36 74
2937 89 51
2938 2 87
2939 82 25
2940 56 76
2941 92 35
2942 93 4
2943 83 94
2944 81 28
2945 78 92
2946 8 95
2947 54 93
2948 17 27
2949 52 15
2950 41 0
2951 58 9
2952 31 12
2953 32 4
2954 15 8
2955 83 94
2956 62 29
2957 43 51
2958 49 12
2959 96 21
2960 3 69
2961 70 2
2962 60 1
2963 65 69
2964 46 47
2965 20 7
2966 63 37
2967 94 29
2968 78 13
2969 91 20
2970 68 64
2971 15 37
2972 90 42
2973 79 41
2974 94 34
2975 58 77
2976 86 18
2977 80 4
2978 69 71
2979 76 61
2980 70 46
2981 68 44
2982 40 67
2983 22 16
2984 67 59
2985 34 86
2986 73 76
2987 14 60
2988 39 96
2989 50 62
2990 83 82
2991 57 29
2992 62 90
2993 25 45
2994 57 98
2995 70 16
2996 62 40
2997 54 8
2998 86 91
2999 86 26
3000 62 88
3001 34 27
3002 33 37
3003 42 88
3004 96 44
3005 61 83
3006 95 96
3007 32 40
3008 36 74
3009 66 13
3010 53 82
3011 100 6
3012 72 13
3013 78 61
3014 29 69
3015 49 98
3016 6 16
3017 63 93
3018 47 68
3019 54 40
3020 21 37
3021 4 77
3022 17 58
3023 46 88
3024 92 56
3025 63 41
3026 7 82
3027 58 79
3028 60 71
3029 54 13
3030 34 66
3031 29 95
3032 53 89
3033 65 16
3034 99 5
3035 81 14
3036 57 22
3037 42 89
3038 39 71
3039 41 46
3040 96 32
3041 14 78
3042 26 20
3043 34 88
3044 86 23
3045 25 73
3046 16 40
3047 70 90
3048 38 52
3049 76 83
3050 2 33
3051 43 54
3052 98 82
3053 4 98
3054 66 4
3055 10 44
3056 97 81
3057 70 52
3058 77 35
3059 50 7
3060 92 62
3061 9 48
3062 65 28
3063 58 60
3064 55 70
3065 48 47
3066 80 22
3067 100 15
3068 20 0
3069 19 33
3070 63 65
3071 42 80
3072 38 60
3073 58 55
3074 38 57
3075 24 78
3076 50 51
3077 78 47
3078 29 55
3079 79 17
3080 40 83
3081 28 14
3082 58 48
3083 0 24
3084 65 73
3085 41 72
3086 71 21
3087 93 89
3088 44 65
3089 75 61
3090 4 52
3091 63 1
3092 32 30
3093 33 31
3094 74 9
3095 93 91
3096 90 2
3097 87 95
3098 94 22
3099 69 21
3100 51 37
3101 29 74
3102 19 37
3103 64 4
3104 55 20
3105 19 40
3106 95 84
3107 75 57
3108 45 75
3109 67 51
3110 2 22
3111 83 39
3112 55 23
3113 51 48
3114 19 43
3115 18 32
3116 36 54
3117 41 71
3118 65 17
3119 23 77
3120 83 11
3121 15 3
3122 80 82
3123 84 36
3124 18 1
3125 43 61
3126 98 50
3127 50 19
3128 25 25
3129 68 91
3130 93 57
3131 80 77
3132 78 47
3133 43 44
3134 80 96
3135 91 4
3136 38 60
3137 45 46
3138 15 97
3139 11 18
3140 42 83
3141 5 45
3142 42 21
3143 7 67
3144 61 15
3145 86 23
3146 84 28
3147 59 48
3148 58 69
3149 11 55
3150 46 18
3151 98 47
3152 40 13
3153 66 24
3154 6 71
3155 84 64
3156 21 99
3157 15 10
3158 90 39
3159 5 67
3160 58 0
3161 35 80
3162 72 28
3163 28 5
3164 37 22
3165 22 40
3166 75 9
3167 35 99
3168 78 49
3169 57 89
3170 23 24
3171 84 26
3172 36 52
3173 49 2
3174 59 83
3175 8 16
3176 83 71
3177 32 97
3178 97 82
3179 41 68
3180 34 65
3181 43 25
3182 32 46
3183 31 96
3184 25 98
3185 95 52
3186 27 94
3187 42 22
3188 49 19
3189 27 92
3190 45 52
3191 98 66
3192 8 46
3193 16 74
3194 94 55
3195 94 81
3196 34 73
3197 81 75
3198 55 100
3199 39 39
3200 19 86
3201 67 15
3202 63 25
3203 82 94
3204 19 3
3205 81 51
3206 73 30
3207 85 96
3208 65 53
3209 4 62
3210 84 90
3211 85 38
3212 92 53
3213 35 4
3214 32 83
3215 59 63
3216 52 59
3217 87 0
3218 76 22
3219 87 34
3220 91 22
3221 24 84
3222 91 57
3223 68 9
3224 57 87
3225 89 88
3226 93 18
3227 41 20
3228 76 33
3229 34 34
3230 5 83
3231 40 47
3232 100 57
3233 30 19
3234 47 38
3235 54 55
3236 75 92
3237 79 77
3238 69 42
3239 100 73
3240 73 40
3241 61 69
3242 9 52
3243 14 100
3244 74 53
3245 60 44
3246 31 68
3247 81 17
3248 52 29
3249 22 5
3250 52 59
3251 79 75
3252 93 47
3253 57 14
3254 94 65
3255 36 12
3256 86 73
3257 63 90
3258 33 70
3259 49 61
3260 70 65
3261 37 86
3262 84 10
3263 61 16
3264 35 94
3265 4 86
3266 10 37
3267 77 1
3268 51 95
3269 43 57
3270 65 18
3271 15 61
3272 17 36
3273 75 85
3274 77 91
3275 82 2
3276 25 42
3277 64 64
3278 14 100
3279 5 21
3280 1 54
3281 34 20
3282 44 46
3283 27 87
3284 89 45
3285 46 8
3286 62 47
3287 74 1
3288 11 18
3289 80 4
3290 69 94
3291 26 97
3292 90 13
3293 76 83
3294 31 100
3295 54 63
3296 65 35
3297 17 27
3298 48 91
3299 79 19
3300 47 70
3301 45 29
3302 6 52
3303 29 100
3304 88 72
3305 87 100
3306 60 18
3307 97 89
3308 70 64
3309 25 25
3310 3 8
3311 18 74
3312 45 83
3313 46 31
3314 74 97
3315 98 40
3316 2 95
3317 83 69
3318 3 9
3319 78 53
3320 16 71
3321 62 7
3322 41 69
3323 65 60
3324 24 2
3325 91 89
3326 16 23
3327 43 41
3328 38 36
3329 97 77
3330 97 59
3331 73 91
3332 58 38
3333 80 8
3334 41 45
3335 98 16
3336 38 30
3337 23 36
3338 72 53
3339 75 91
3340 91 100
3341 81 77
3342 86 86
3343 28 32
3344 94 59
3345 8 16
3346 21 60
3347 76 64
3348 11 60
3349 32 74
3350 59 84
3351 62 67
3352 89 13
3353 82 64
3354 10 99
3355 63 35
3356 17 11
3357 3 81
3358 10 82
3359 91 55
3360 2 55
3361 99 83
3362 66 11
3363 48 87
3364 76 1
3365 35 17
3366 33 3
3367 56 33
3368 27 12
3369 8 71
3370 34 62
3371 43 61
3372 55 74
3373 45 14
3374 12 67
3375 36 35
3376 96 88
3377 62 75
3378 23 0
3379 49 93
3380 32 19
3381 57 99
3382 29 29
3383 73 38
3384 80 3
3385 69 68
3386 22 50
3387 82 60
3388 63 71
3389 89 98
3390 32 81
3391 34 98
3392 14 3
3393 21 79
3394 59 97
3395 16 65
3396 33 48
3397 93 94
3398 15 48
3399 90 97
3400 21 68
3401 58 87
3402 82 79
3403 91 23
3404 14 34
3405 7 34
3406 36 51
3407 16 41
3408 10 39
3409 79 59
3410 26 14
3411 64 2
3412 25 93
3413 22 93
3414 86 36
3415 10 45
3416 98 96
3417 29 92
3418 53 90
3419 91 54
3420 26 69
3421 93 18
3422 19 14
3423 80 39
3424 4 63
3425 77 52
3426 87 82
3427 91 88
3428 99 61
3429 38 57
3430 32 79
3431 95 59
3432 86 62
3433 24 90
3434 47 49
3435 11 85
3436 49 52
3437 12 88
3438 36 47
3439 63 34
3440 51 76
3441 83 4
3442 91 60
3443 76 50
3444 90 62
3445 100 39
3446 14 84
3447 66 74
3448 40 29
3449 31 97
3450 3 87
3451 99 19
3452 93 7
3453 68 87
3454 91 88
3455 11 2
3456 52 29
3457 99 3
3458 63 9
3459 36 55
3460 100 20
3461 96 73
3462 81 89
3463 49 90
3464 65 8
3465 62 67
3466 70 82
3467 23 31
3468 46 62
3469 54 21
3470 40 99
3471 53 28
3472 1 24
3473 33 44
3474 26 94
3475 81 92
3476 55 67
3477 1 4
3478 76 93
3479 25 34
3480 1 16
3481 5 85
3482 54 7
3483 25 57
3484 27 7
3485 71 53
3486 45 47
3487 99 46
3488 91 1
3489 90 0
3490 86 99
3491 25 58
3492 35 64
3493 15 37
3494 67 67
3495 83 60
3496 58 61
3497 67 84
3498 46 72
3499 49 55
3500 98 36
3501 53 18
3502 86 6
3503 4 65
3504 12 69
3505 33 45
3506 34 75
3507 82 57
3508 42 7
3509 61 6
3510 81 83
3511 19 42
3512 74 100
3513 41 73
3514 44 28
3515 58 69
3516 42 36
3517 10 87
3518 100 99
3519 56 62
3520 61 94
3521 100 50
3522 90 31
3523 32 75
3524 95 38
3525 25 84
3526 89 71
3527 80 60
3528 100 86
3529 4 6
3530 76 100
3531 85 52
3532 11 97
3533 13 46
3534 74 55
3535 79 4
3536 57 89
3537 70 81
3538 26 31
3539 90 97
3540 65 65
3541 65 85
3542 53 54
3543 62 46
3544 12 50
3545 31 62
3546 13 4
3547 75 38
3548 22 28
3549 28 95
3550 53 35
3551 68 47
3552 95 11
3553 48 97
3554 86 36
3555 1 5
3556 46 50
3557 97 84
3558 2 24
3559 84 44
3560 35 47
3561 60 27
3562 80 17
3563 48 32
3564 69 74
3565 89 91
3566 64 21
3567 89 73
3568 0 91
3569 26 71
3570 91 59
3571 37 94
3572 72 87
3573 31 99
3574 66 51
3575 12 89
3576 38 45
3577 29 79
3578 75 17
3579 65 12
3580 64 12
3581 88 66
3582 7 49
3583 54 82
3584 51 96
3585 77 94
3586 65 44
3587 3 31
3588 11 97
3589 71 44
3590 60 34
3591 28 66
3592 74 90
3593 10 86
3594 11 55
3595 32 26
3596 9 23
3597 7 30
3598 49 70
3599 25 83
3600 17 43
3601 12 14
3602 84 2
3603 57 62
3604 28 10
3605 60 85
3606 88 3
3607 25 68
3608 60 4
3609 25 24
3610 78 31
3611 20 43
3612 80 33
3613 8 69
3614 0 75
3615 97 1
3616 23 58
3617 0 49
3618 60 35
3619 35 91
3620 95 75
3621 99 43
3622 5 5
3623 52 82
3624 35 50
3625 16 70
3626 78 83
3627 42 32
3628 89 8
3629 10 74
3630 7 60
3631 96 43
3632 48 73
3633 96 12
3634 77 16
3635 33 78
3636 23 17
3637 7 72
3638 48 68
3639 27 11
3640 20 30
3641 39 92
3642 26 15
3643 49 45
3644 50 80
3645 52 92
3646 11 37
3647 20 70
3648 40 95
3649 54 62
3650 79 52
3651 61 25
3652 46 96
3653 29 8
3654 50 53
3655 90 98
3656 0 27
3657 11 17
3658 3 50
3659 58 80
3660 33 49
3661 100 21
3662 72 98
3663 53 43
3664 31 75
3665 35 88
3666 84 73
3667 64 75
3668 15 56
3669 25 16
3670 9 30
3671 38 100
3672 25 27
3673 43 57
3674 77 97
3675 77 11
3676 45 41
3677 78 51
3678 47 20
3679 93 68
3680 40 18
3681 72 6
3682 18 89
3683 8 54
3684 90 64
3685 55 53
3686 85 29
3687 86 35
3688 35 39
3689 36 75
3690 76 14
3691 62 75
3692 18 2
3693 28 3
3694 1 22
3695 86 5
3696 68 82
3697 5 64
3698 37 49
3699 91 25
3700 4 95
3701 86 57
3702 80 80
3703 89 47
3704 27 37
3705 6 3
3706 34 26
3707 52 98
3708 0 57
3709 0 44
3710 40 64
3711 82 39
3712 65 43
3713 30 1
3714 62 49
3715 38 83
3716 14 4
3717 48 61
3718 25 77
3719 92 86
3720 10 14
3721 20 94
3722 7 21
3723 42 16
3724 73 88
3725 36 2
3726 43 88
3727 10 72
3728 49 9
3729 16 56
3730 8 74
3731 95 24
3732 89 20
3733 16 70
3734 42 100
3735 32 17
3736 70 70
3737 8 19
3738 32 16
3739 73 63
3740 5 86
3741 49 19
3742 56 22
3743 46 14
3744 79 52
3745 87 20
3746 77 9
3747 97 96
3748 39 79
3749 19 74
3750 56 91
3751 80 17
3752 64 87
3753 39 99
3754 77 81
3755 23 84
3756 39 15
3757 44 33
3758 38 96
3759 16 3
3760 27 54
3761 51 68
3762 65 96
3763 96 3
3764 70 86
3765 47 16
3766 13 58
3767 21 97
3768 68 11
3769 17 80
3770 0 26
3771 35 80
3772 92 25
3773 28 52
3774 69 70
3775 19 1
3776 25 8
3777 96 87
3778 21 70
3779 32 43
3780 13 57
3781 42 97
3782 56 32
3783 50 27
3784 80 23
3785 93 28
3786 32 11
3787 73 60
3788 57 68
3789 25 53
3790 57 88
3791 70 27
3792 88 40
3793 16 25
3794 66 10
3795 85 95
3796 91 91
3797 48 51
3798 31 52
3799 53 68
3800 84 26
3801 22 9
3802 76 73
3803 93 71
3804 15 79
3805 82 61
3806 23 61
3807 29 28
3808 57 31
3809 51 98
3810 8 65
3811 74 41
3812 44 39
3813 88 35
3814 97 74
3815 27 76
3816 10 65
3817 17 56
3818 32 42
3819 13 68
3820 68 56
3821 52 81
3822 38 82
3823 46 50
3824 25 14
3825 26 80
3826 8 85
3827 24 82
3828 48 49
3829 84 77
3830 30 78
3831 31 22
3832 32 72
3833 4 58
3834 0 54
3835 90 65
3836 59 69
3837 15 31
3838 88 22
3839 12 64
3840 63 62
3841 5 17
3842 78 51
3843 73 36
3844 2 58
3845 50 24
3846 4 39
3847 44 17
3848 48 9
3849 27 87
3850 12 53
3851 85 51
3852 20 28
3853 30 41
3854 25 35
3855 74 89
3856 23 34
3857 76 41
3858 40 30
3859 12 7
3860 81 25
3861 76 96
3862 89 75
3863 21 81
3864 58 5
3865 70 63
3866 70 89
3867 91 39
3868 70 13
3869 29 11
3870 13 29
3871 64 73
3872 23 9
3873 39 84
3874 40 30
3875 14 48
3876 60 5
3877 59 67
3878 60 51
3879 69 92
3880 60 8
3881 93 72
3882 83 99
3883 53 3
3884 51 10
3885 26 90
3886 13 79
3887 94 49
3888 80 7
3889 84 23
3890 77 58
3891 59 35
3892 17 33
3893 25 11
3894 21 61
3895 65 95
3896 43 7
3897 26 35
3898 35 3
3899 46 37
3900 59 39
3901 80 55
3902 89 64
3903 76 88
3904 57 33
3905 4 81
3906 32 3
3907 68 52
3908 34 19
3909 8 63
3910 78 86
3911 20 67
3912 95 37
3913 45 65
3914 34 53
3915 9 83
3916 38 27
3917 24 51
3918 9 82
3919 7 80
3920 30 61
3921 29 3
3922 44 9
3923 25 79
3924 30 91
3925 49 57
3926 7 57
3927 48 14
3928 67 44
3929 30 6
3930 2 36
3931 94 57
3932 98 93
3933 92 30
3934 93 96
3935 20 39
3936 12 47
3937 57 96
3938 33 87
3939 60 56
3940 32 92
3941 44 61
3942 52 35
3943 57 44
3944 68 20
3945 75 37
3946 14 89
3947 55 96
3948 3 50
3949 2 88
3950 83 25
3951 6 29
3952 4 17
3953 11 23
3954 68 25
3955 32 60
3956 78 79
3957 47 44
3958 9 9
3959 81 15
3960 12 1
3961 50 69
3962 55 5
3963 69 98
3964 93 72
3965 100 21
3966 98 38
3967 12 55
3968 94 42
3969 98 34
3970 75 80
3971 72 38
3972 94 27
3973 72 71
3974 60 34
3975 52 14
3976 21 47
3977 5 58
3978 56 79
3979 55 54
3980 41 80
3981 60 19
3982 37 42
3983 75 43
3984 45 66
3985 60 99
3986 15 49
3987 32 61
3988 15 91
3989 31 42
3990 69 38
3991 55 87
3992 99 13
3993 67 77
3994 19 38
3995 100 35
3996 63 48
3997 85 23
3998 41 53
3999 91 2
4000 71 11
4001 93 19
4002 65 49
4003 5 74
4004 79 16
4005 95 52
4006 80 85
4007 88 29
4008 48 58
4009 38 1
4010 77 81
4011 11 40
4012 46 44
4013 91 92
4014 28 60
4015 51 15
4016 41 37
4017 37 82
4018 64 49
4019 92 29
4020 92 63
4021 84 23
4022 66 41
4023 88 72
4024 5 53
4025 51 32
4026 38 58
4027 51 48
4028 57 57
4029 11 94
4030 85 83
4031 51 37
4032 44 3
4033 32 33
4034 39 11
4035 98 6
4036 89 59
4037 3 21
4038 36 58
4039 45 35
4040 40 79
4041 93 7
4042 80 5
4043 0 55
4044 39 58
4045 44 33
4046 68 59
4047 71 77
4048 92 83
4049 11 83
4050 33 26
4051 50 22
4052 86 77
4053 10 52
4054 50 4
4055 96 80
4056 0 22
4057 5 45
4058 95 2
4059 22 93
4060 16 14
4061 94 67
4062 93 20
4063 77 38
4064 49 44
4065 86 79
4066 9 50
4067 59 28
4068 67 48
4069 30 95
4070 45 75
4071 81 72
4072 59 100
4073 38 30
4074 12 40
4075 13 72
4076 20 38
4077 34 85
4078 93 58
4079 51 95
4080 43 86
4081 20 93
4082 84 70
4083 51 5
4084 80 69
4085 32 33
4086 80 5
4087 88 68
4088 49 48
4089 82 48
4090 65 76
4091 13 86
4092 43 65
4093 61 90
4094 29 81
4095 33 97
4096 0 17
4097 6 70
4098 86 54
4099 86 9
4100 25 44
4101 9 71
4102 51 9
4103 87 98
4104 11 69
4105 19 89
4106 90 2
4107 16 54
4108 9 43
4109 90 7
4110 38 88
4111 34 76
4112 20 85
4113 0 5
4114 22 50
4115 97 100
4116 75 93
4117 60 24
4118 43 77
4119 14 65
4120 66 36
4121 87 12
4122 42 65
4123 90 94
4124 16 58
4125 81 34
4126 97 80
4127 57 5
4128 18 70
4129 50 0
4130 4 81
4131 100 40
4132 94 76
4133 57 67
4134 87 6
4135 88 22
4136 22 37
4137 51 39
4138 37 69
4139 43 21
4140 67 1
4141 52 84
4142 25 96
4143 51 39
4144 91 93
4145 84 21
4146 61 50
4147 4 78
4148 8 22
4149 39 7
4150 24 51
4151 65 50
4152 95 4
4153 57 84
4154 40 92
4155 49 75
4156 32 31
4157 20 82
4158 14 12
4159 16 89
4160 55 17
4161 88 30
4162 63 73
4163 25 58
4164 75 18
4165 81 98
4166 20 93
4167 4 48
4168 100 81
4169 6 76
4170 21 82
4171 88 58
4172 50 4
4173 83 27
4174 62 89
4175 61 38
4176 38 64
4177 43 36
4178 62 98
4179 4 52
4180 60 9
4181 80 38
4182 14 55
4183 30 42
4184 99 73
4185 56 51
4186 52 1
4187 16 39
4188 2 64
4189 65 100
4190 89 0
4191 59 30
4192 40 91
4193 77 66
4194 13 33
4195 19 48
4196 3 39
4197 90 26
4198 77 82
4199 42 21
4200 32 27
4201 85 6
4202 93 40
4203 70 71
4204 48 28
4205 27 54
4206 32 13
4207 54 9
4208 26 44
4209 33 61
4210 18 68
4211 99 80
4212 81 48
4213 2 57
4214 5 3
4215 11 30
4216 3 52
4217 46 51
4218 83 83
4219 9 80
4220 22 15
4221 97 87
4222 65 68
4223 88 57
4224 98 52
4225 51 28
4226 16 88
4227 12 7
4228 36 70
4229 25 40
4230 62 99
4231 43 49
4232 40 64
4233 39 59
4234 41 69
4235 5 53
4236 86 12
4237 2 16
4238 93 51
4239 21 21
4240 11 46
4241 53 100
4242 44 9
4243 60 68
4244 8 14
4245 78 16
4246 21 76
4247 70 42
4248 86 72
4249 90 96
4250 42 58
4251 45 15
4252 1 63
4253 81 84
4254 41 93
4255 5 98
4256 0 38
4257 63 51
4258 75 73
4259 36 1
4260 78 94
4261 90 31
4262 85 54
4263 94 30
4264 60 61
4265 82 81
4266 16 45
4267 81 99
4268 11 41
4269 88 65
4270 51 46
4271 72 72
4272 61 70
4273 40 49
4274 45 24
4275 68 88
4276 70 62
4277 54 37
4278 90 74
4279 8 56
4280 36 90
4281 32 4
4282 66 56
4283 74 68
4284 81 40
4285 14 56
4286 5 94
4287 89 94
4288 91 61
4289 62 86
4290 54 79
4291 5 5
4292 38 5
4293 37 1
4294 46 49
4295 36 63
4296 69 26
4297 63 61
4298 9 1
4299 75 89
4300 17 20
4301 76 7
4302 2 85
4303 76 14
4304 2 39
4305 59 24
4306 78 89
4307 1 75
4308 13 52
4309 15 75
4310 27 65
4311 58 35
4312 51 16
4313 89 65
4314 80 82
4315 43 93
4316 45 27
4317 56 31
4318 81 57
4319 90 99
4320 69 8
4321 47 17
4322 56 52
4323 56 0
4324 87 10
4325 93 67
4326 72 1
4327 6 96
4328 32 42
4329 11 31
4330 95 38
4331 13 96
4332 83 31
4333 59 73
4334 29 0
4335 57 37
4336 67 65
4337 33 10
4338 0 13
4339 69 57
4340 58 65
4341 49 42
4342 17 88
4343 3 18
4344 62 51
4345 20 39
4346 18 43
4347 67 99
4348 65 0
4349 45 12
4350 96 61
4351 62 55
4352 10 94
4353 11 36
4354 100 26
4355 31 2
4356 71 31
4357 54 44
4358 52 40
4359 79 17
4360 99 52
4361 7 69
4362 68 9
4363 100 34
4364 50 68
4365 21 49
4366 91 85
4367 79 47
4368 14 80
4369 59 44
4370 14 64
4371 84 78
4372 62 81
4373 31 30
4374 18 59
4375 68 58
4376 75 84
4377 72 83
4378 91 42
4379 43 87
4380 87 77
4381 21 10
4382 88 62
4383 86 52
4384 21 23
4385 93 7
4386 44 48
4387 46 29
4388 42 77
4389 80 40
4390 59 76
4391 15 62
4392 49 92
4393 43 45
4394 46 93
4395 64 15
4396 17 99
4397 13 30
4398 93 84
4399 36 43
4400 72 24
4401 89 91
4402 49 35
4403 17 71
4404 50 72
4405 66 54
4406 40 42
4407 55 37
4408 4 59
4409 19 41
4410 73 65
4411 88 5
4412 27 4
4413 36 31
4414 76 1
4415 29 76
4416 14 79
4417 56 61
4418 88 33
4419 88 21
4420 47 55
4421 25 63
4422 40 47
4423 96 21
4424 65 26
4425 22 96
4426 26 41
4427 3 99
4428 56 11
4429 48 57
4430 48 85
4431 35 27
4432 56 34
4433 71 90
4434 48 95
4435 81 46
4436 86 58
4437 30 72
4438 74 85
4439 45 1
4440 91 56
4441 46 88
4442 48 21
4443 77 32
4444 51 90
4445 89 31
4446 100 50
4447 23 16
4448 72 84
4449 42 7
4450 21 44
4451 49 92
4452 43 34
4453 39 63
4454 21 79
4455 8 51
4456 32 95
4457 93 45
4458 43 79
4459 35 35
4460 59 8
4461 54 91
4462 3 91
4463 22 35
4464 87 54
4465 53 59
4466 96 4
4467 22 49
4468 44 19
4469 77 73
4470 91 1
4471 13 68
4472 56 32
4473 79 76
4474 64 51
4475 84 65
4476 53 79
4477 80 92
4478 35 57
4479 23 31
4480 17 90
4481 10 59
4482 42 94
4483 79 1
4484 38 48
4485 48 54
4486 72 33
4487 57 22
4488 48 91
4489 54 0
4490 57 95
4491 90 21
4492 0 76
4493 81 19
4494 42 11
4495 58 59
4496 38 81
4497 59 21
4498 7 82
4499 59 20
4500 13 38
4501 18 60
4502 57 90
4503 86 71
4504 22 96
4505 64 60
4506 77 18
4507 66 94
4508 77 82
4509 29 47
4510 45 99
4511 38 60
4512 20 96
4513 64 77
4514 90 60
4515 45 41
4516 38 91
4517 81 9
4518 38 85
4519 72 90
4520 88 32
4521 45 78
4522 87 59
4523 18 57
4524 89 76
4525 28 17
4526 34 7
4527 50 98
4528 52 14
4529 30 89
4530 4 19
4531 62 53
4532 99 50
4533 44 22
4534 60 53
4535 4 54
4536 40 25
4537 91 34
4538 100 72
4539 49 40
4540 33 18
4541 79 83
4542 80 27
4543 55 48
4544 55 67
4545 48 52
4546 87 3
4547 14 57
4548 57 54
4549 14 58
4550 48 74
4551 16 93
4552 46 60
4553 1 39
4554 89 53
4555 26 70
4556 9 64
4557 22 14
4558 19 55
4559 58 32
4560 70 72
4561 18 66
4562 97 85
4563 74 34
4564 21 67
4565 55 54
4566 52 44
4567 41 90
4568 6 57
4569 26 97
4570 19 56
4571 66 52
4572 38 64
4573 50 29
4574 41 79
4575 75 31
4576 50 63
4577 82 34
4578 33 22
4579 37 9
4580 66 78
4581 99 97
4582 69 50
4583 9 32
4584 56 99
4585 33 60
4586 67 71
4587 96 38
4588 28 52
4589 67 64
4590 14 6
4591 40 77
4592 51 20
4593 33 96
4594 62 3
4595 3 63
4596 90 54
4597 41 17
4598 2 38
4599 17 11
4600 69 35
4601 47 72
4602 11 68
4603 54 5
4604 17 70
4605 75 85
4606 68 35
4607 66 14
4608 63 16
4609 28 57
4610 91 63
4611 26 1
4612 12 25
4613 44 84
4614 46 11
4615 82 38
4616 90 50
4617 83 33
4618 97 97
4619 45 50
4620 3 39
4621 91 34
4622 11 15
4623 33 24
4624 8 78
4625 58 61
4626 0 38
4627 11 67
4628 90 23
4629 72 88
4630 70 73
4631 3 29
4632 95 100
4633 98 8
4634 25 54
4635 14 8
4636 48 67
4637 64 82
4638 39 70
4639 46 47
4640 53 82
4641 85 91
4642 38 25
4643 67 43
4644 83 83
4645 5 44
4646 5 45
4647 88 63
4648 0 29
4649 71 78
4650 32 90
4651 13 35
4652 53 50
4653 32 94
4654 57 36
4655 18 55
4656 1 14
4657 55 65
4658 18 73
4659 69 58
4660 41 94
4661 74 54
4662 3 5
4663 28 48
4664 4 5
4665 43 4
4666 48 36
4667 10 20
4668 90 41
4669 67 26
4670 14 11
4671 63 60
4672 64 68
4673 80 61
4674 4 69
4675 54 83
4676 44 1
4677 29 24
4678 11 33
4679 36 31
4680 50 63
4681 21 96
4682 17 50
4683 96 80
4684 88 57
4685 95 81
4686 39 86
4687 79 38
4688 85 64
4689 84 62
4690 72 92
4691 42 76
4692 42 58
4693 48 49
4694 8 42
4695 60 19
4696 54 42
4697 78 66
4698 41 11
4699 48 10
4700 8 43
4701 6 94
4702 3 96
4703 73 13
4704 64 100
4705 54 4
4706 60 20
4707 20 79
4708 12 85
4709 39 10
4710 8 6
4711 74 13
4712 47 41
4713 57 63
4714 90 69
4715 3 1
4716 86 50
4717 87 18
4718 20 77
4719 6 19
4720 6 63
4721 18 95
4722 100 80
4723 33 82
4724 8 57
4725 64 40
4726 47 79
4727 58 94
4728 84 15
4729 100 68
4730 12 32
4731 49 84
4732 69 66
4733 19 7
4734 0 89
4735 32 25
4736 68 25
4737 20 75
4738 67 31
4739 57 19
4740 38 28
4741 100 42
4742 47 28
4743 15 25
4744 87 37
4745 91 61
4746 65 12
4747 73 85
4748 30 14
4749 8 59
4750 28 70
4751 53 40
4752 83 93
4753 72 38
4754 49 70
4755 68 45
4756 11 51
4757 5 28
4758 89 54
4759 78 92
4760 69 65
4761 68 85
4762 25 92
4763 48 51
4764 23 56
4765 91 67
4766 56 60
4767 19 45
4768 92 97
4769 31 5
4770 19 49
4771 93 5
4772 66 54
4773 31 74
4774 58 63
4775 93 48
4776 50 74
4777 29 87
4778 35 28
4779 67 7
4780 59 80
4781 80 78
4782 77 8
4783 92 59
4784 77 55
4785 42 63
4786 69 98
4787 94 53
4788 36 22
4789 26 35
4790 76 59
4791 36 51
4792 43 12
4793 32 4
4794 100 44
4795 26 34
4796 3 32
4797 19 41
4798 5 13
4799 75 78
4800 41 11
4801 92 46
4802 28 16
4803 21 48
4804 48 30
4805 87 8
4806 84 23
4807 2 39
4808 0 7
4809 93 4
4810 47 80
4811 31 21
4812 22 4
4813 7 45
4814 35 54
4815 57 27
4816 31 62
4817 25 83
4818 10 49
4819 55 44
4820 67 52
4821 41 24
4822 58 27
4823 89 86
4824 48 12
4825 86 86
4826 62 25
4827 90 95
4828 56 49
4829 15 28
4830 29 50
4831 72 95
4832 13 56
4833 27 10
4834 40 34
4835 86 78
4836 62 53
4837 53 93
4838 85 56
4839 71 42
4840 74 42
4841 36 51
4842 85 75
4843 53 36
4844 37 58
4845 37 94
4846 5 63
4847 93 92
4848 84 67
4849 76 99
4850 14 93
4851 73 33
4852 61 77
4853 92 53
4854 44 16
4855 64 37
4856 52 76
4857 85 44
4858 25 36
4859 81 34
4860 20 15
4861 47 28
4862 88 96
4863 85 63
4864 37 42
4865 96 99
4866 21 47
4867 86 15
4868 46 41
4869 27 86
4870 92 32
4871 91 71
4872 93 38
4873 55 86
4874 16 4
4875 28 72
4876 21 80
4877 86 1
4878 73 73
4879 93 95
4880 7 45
4881 66 81
4882 1 28
4883 71 93
4884 66 58
4885 63 13
4886 30 96
4887 48 10
4888 8 90
4889 27 48
4890 24 49
4891 34 70
4892 7 47
4893 5 34
4894 10 91
4895 66 63
4896 40 18
4897 70 28
4898 28 14
4899 29 44
4900 4 31
4901 30 60
4902 59 26
4903 22 3
4904 23 90
4905 83 80
4906 85 84
4907 25 96
4908 2 63
4909 23 82
4910 27 52
4911 94 31
4912 85 4
4913 38 5
4914 71 66
4915 26 85
4916 55 78
4917 11 45
4918 2 41
4919 50 86
4920 57 72
4921 69 39
4922 37 50
4923 88 97
4924 40 22
4925 52 2
4926 82 68
4927 33 64
4928 74 71
4929 19 21
4930 77 15
4931 74 76
4932 72 50
4933 45 96
4934 26 84
4935 52 31
4936 49 61
4937 88 65
4938 25 88
4939 59 29
4940 59 55
4941 24 34
4942 3 74
4943 14 100
4944 68 79
4945 31 41
4946 74 70
4947 88 0
4948 79 84
4949 92 34
4950 31 74
4951 64 32
4952 99 65
4953 5 71
4954 93 39
4955 81 81
4956 67 64
4957 83 8
4958 21 24
4959 77 90
4960 2 82
4961 4 82
4962 25 24
4963 36 48
4964 10 93
4965 38 97
4966 3 80
4967 94 94
4968 52 3
4969 92 17
4970 95 33
4971 0 94
4972 6 94
4973 79 9
4974 55 51
4975 4 51
4976 67 48
4977 54 23
4978 82 5
4979 18 68
4980 78 31
4981 100 40
4982 27 57
4983 19 64
4984 79 36
4985 70 5
4986 78 76
4987 25 48
4988 84 15
4989 41 12
4990 7 44
4991 78 74
4992 80 78
4993 54 31
4994 13 70
4995 30 29
4996 73 100
4997 39 30
4998 84 39
4999 3 22
5000 55 91
5001 7 23
5002 86 96
5003 32 24
5004 71 31
5005 30 61
5006 82 1
5007 87 92
5008 83 48
5009 76 23
5010 71 46
5011 41 2
5012 80 48
5013 45 66
5014 16 22
5015 94 64
5016 23 51
5017 41 27
5018 59 52
5019 9 57
5020 92 5
5021 65 12
5022 92 29
5023 37 26
5024 80 43
5025 10 7
5026 99 47
5027 2 62
5028 85 16
5029 7 42
5030 62 76
5031 64 86
5032 25 82
5033 13 71
5034 0 97
5035 18 79
5036 70 100
5037 51 64
5038 64 42
5039 75 85
5040 70 27
5041 38 10
5042 3 91
5043 16 5
5044 2 30
5045 80 40
5046 95 54
5047 79 71
5048 71 87
5049 40 43
5050 59 45
5051 75 47
5052 32 90
5053 53 18
5054 36 94
5055 92 63
5056 87 60
5057 15 37
5058 5 77
5059 3 45
5060 85 74
5061 67 85
5062 86 91
5063 47 84
5064 85 0
5065 35 11
5066 40 91
5067 34 47
5068 60 59
5069 58 99
5070 78 25
5071 14 14
5072 35 16
5073 99 23
5074 77 83
5075 23 18
5076 44 19
5077 9 60
5078 95 78
5079 44 0
5080 93 56
5081 81 47
5082 97 88
5083 48 20
5084 89 96
5085 91 5
5086 43 46
5087 32 24
5088 29 43
5089 12 16
5090 27 15
5091 57 34
5092 56 20
5093 0 74
5094 55 26
5095 78 7
5096 99 26
5097 63 9
5098 39 79
5099 55 87
5100 98 28
5101 90 92
5102 95 14
5103 59 46
5104 2 72
5105 75 98
5106 84 64
5107 35 74
5108 89 54
5109 31 57
5110 98 83
5111 63 61
5112 60 97
5113 21 51
5114 43 85
5115 91 23
5116 73 40
5117 87 16
5118 84 94
5119 3 66
5120 11 5
5121 48 63
5122 48 62
5123 94 66
5124 31 84
5125 73 22
5126 61 31
5127 10 83
5128 4 65
5129 38 86
5130 59 64
5131 36 38
5132 12 68
5133 53 26
5134 54 61
5135 8 80
5136 34 5
5137 33 97
5138 95 8
5139 76 2
5140 73 8
5141 22 24
5142 20 89
5143 7 27
5144 2 31
5145 12 63
5146 21 18
5147 23 78
5148 9 20
5149 52 97
5150 90 0
5151 4 23
5152 84 61
5153 48 21
5154 86 68
5155 46 59
5156 69 75
5157 13 63
5158 67 74
5159 37 26
5160 29 96
5161 41 64
5162 83 27
5163 32 74
5164 51 17
5165 48 89
5166 58 63
5167 47 64
5168 94 76
5169 89 30
5170 47 43
5171 50 11
5172 84 58
5173 87 69
5174 72 34
5175 41 73
5176 5 20
5177 38 90
5178 88 12
5179 37 3
5180 96 72
5181 62 95
5182 22 30
5183 16 62
5184 57 23
5185 66 32
5186 77 51
5187 17 10
5188 8 83
5189 26 57
5190 58 1
5191 14 25
5192 96 32
5193 71 46
5194 76 51
5195 10 88
5196 53 56
5197 97 1
5198 79 16
5199 97 4
5200 62 25
5201 5 3
5202 76 18
5203 33 94
5204 75 99
5205 73 86
5206 52 62
5207 73 21
5208 69 0
5209 25 50
5210 67 11
5211 59 81
5212 62 89
5213 77 58
5214 40 74
5215 68 97
5216 64 69
5217 92 62
5218 63 35
5219 40 75
5220 69 57
5221 28 13
5222 38 50
5223 18 49
5224 72 95
5225 0 55
5226 3 62
5227 46 41
5228 91 89
5229 81 81
5230 5 42
5231 10 26
5232 69 85
5233 2 72
5234 59 99
5235 67 31
5236 22 76
5237 51 34
5238 14 73
5239 56 2
5240 73 79
5241 4 3
5242 73 95
5243 47 23
5244 74 53
5245 99 61
5246 64 49
5247 40 37
5248 5 90
5249 49 88
5250 60 32
5251 83 60
5252 100 55
5253 90 5
5254 50 2
5255 100 100
5256 4 20
5257 97 9
5258 86 13
5259 62 85
5260 0 24
5261 57 35
5262 0 7
5263 96 71
5264 40 51
5265 89 8
5266 43 20
5267 40 15
5268 32 28
5269 7 79
5270 46 78
5271 37 15
5272 76 95
5273 83 4
5274 61 54
5275 23 4
5276 66 55
5277 83 56
5278 95 32
5279 36 65
5280 96 40
5281 49 45
5282 54 9
5283 76 48
5284 51 10
5285 48 91
5286 56 94
5287 12 89
5288 21 42
5289 3 48
5290 88 65
5291 28 6
5292 82 23
5293 15 77
5294 2 72
5295 38 76
5296 81 76
5297 70 60
5298 23 20
5299 23 73
5300 28 4
5301 18 68
5302 44 82
5303 42 33
5304 94 45
5305 47 20
5306 28 22
5307 70 75
5308 3 22
5309 12 55
5310 42 13
5311 90 45
5312 74 92
5313 50 79
5314 90 37
5315 75 21
5316 90 59
5317 37 46
5318 72 99
5319 24 88
5320 10 42
5321 8 35
5322 47 52
5323 7 86
5324 31 49
5325 88 12
5326 13 42
5327 53 70
5328 44 45
5329 35 51
5330 70 92
5331 57 2
5332 59 58
5333 33 2
5334 41 47
5335 18 11
5336 98 53
5337 92 84
5338 22 12
5339 57 77
5340 76 11
5341 4 40
5342 93 99
5343 83 60
5344 80 55
5345 37 86
5346 88 74
5347 42 94
5348 91 95
5349 53 98
5350 90 78
5351 80 100
5352 9 13
5353 82 31
5354 86 88
5355 48 71
5356 100 86
5357 73 55
5358 65 13
5359 36 37
5360 71 91
5361 26 48
5362 64 29
5363 44 15
5364 60 27
5365 94 73
5366 54 26
5367 17 97
5368 50 17
5369 98 43
5370 100 24
5371 87 5
5372 73 42
5373 91 75
5374 23 35
5375 70 76
5376 38 58
5377 84 10
5378 38 36
5379 31 96
5380 71 30
5381 13 99
5382 25 57
5383 59 24
5384 47 12
5385 7 87
5386 59 28
5387 98 21
5388 80 39
5389 36 88
5390 32 3
5391 51 50
5392 7 92
5393 18 97
5394 31 54
5395 31 72
5396 23 89
5397 13 91
5398 78 43
5399 28 11
5400 21 62
5401 25 65
5402 99 70
5403 53 83
5404 49 59
5405 100 22
5406 33 96
5407 52 62
5408 59 60
5409 33 31
5410 62 12
5411 96 87
5412 71 69
5413 84 48
5414 23 93
5415 57 76
5416 34 90
5417 27 97
5418 16 91
5419 59 96
5420 82 60
5421 70 26
5422 57 6
5423 52 47
5424 35 79
5425 70 23
5426 90 22
5427 21 73
5428 2 78
5429 29 32
5430 32 61
5431 24 36
5432 69 60
5433 87 6
5434 3 92
5435 67 58
5436 32 57
5437 24 27
5438 72 47
5439 99 39
5440 28 43
5441 37 91
5442 13 64
5443 90 13
5444 62 60
5445 43 75
5446 33 25
5447 3 68
5448 7 40
5449 99 86
5450 29 31
5451 28 5
5452 50 10
5453 91 96
5454 81 7
5455 68 78
5456 96 44
5457 41 16
5458 53 79
5459 9 2
5460 94 88
5461 18 19
5462 20 61
5463 76 61
5464 10 16
5465 100 15
5466 24 96
5467 89 78
5468 81 51
5469 49 5
5470 0 4
5471 62 83
5472 55 70
5473 73 4
5474 12 66
5475 44 43
5476 91 57
5477 54 85
5478 46 99
5479 10 74
5480 47 13
5481 77 57
5482 51 37
5483 89 85
5484 88 52
5485 50 4
5486 5 82
5487 65 40
5488 0 83
5489 43 78
5490 66 50
5491 93 12
5492 44 14
5493 78 37
5494 31 38
5495 77 67
5496 17 43
5497 66 24
5498 57 5
5499 83 61
5500 50 43
5501 39 98
5502 47 96
5503 4 12
5504 19 10
5505 36 87
5506 51 65
5507 82 77
5508 26 64
5509 82 31
5510 44 35
5511 38 39
5512 18 81
5513 26 3
5514 85 65
5515 80 52
5516 92 75
5517 100 33
5518 11 10
5519 59 51
5520 90 57
5521 15 47
5522 26 0
5523 64 17
5524 24 29
5525 27 43
5526 69 98
5527 50 28
5528 12 15
5529 24 99
5530 81 40
5531 69 97
5532 32 16
5533 79 17
5534 54 97
5535 75 96
5536 41 6
5537 81 7
5538 59 70
5539 6 5
5540 91 87
5541 53 81
5542 44 22
5543 28 83
5544 72 81
5545 49 74
5546 77 8
5547 71 91
5548 22 68
5549 46 5
5550 50 17
5551 26 89
5552 56 96
5553 27 16
5554 91 14
5555 35 29
5556 21 6
5557 11 89
5558 84 51
5559 67 42
5560 47 69
5561 93 45
5562 71 44
5563 9 40
5564 71 80
5565 59 57
5566 60 19
5567 77 74
5568 70 28
5569 68 1
5570 24 23
5571 77 59
5572 2 6
5573 60 73
5574 19 44
5575 33 86
5576 50 28
5577 96 98
5578 14 1
5579 88 8
5580 100 1
5581 5 15
5582 83 85
5583 41 35
5584 46 4
5585 61 6
5586 76 70
5587 75 80
5588 7 19
5589 40 21
5590 11 95
5591 60 5
5592 50 69
5593 80 16
5594 90 35
5595 39 57
5596 13 7
5597 48 68
5598 35 70
5599 74 50
5600 2 67
5601 15 44
5602 47 67
5603 43 56
5604 17 32
5605 26 86
5606 99 74
5607 19 66
5608 64 5
5609 60 1
5610 52 95
5611 99 20
5612 79 21
5613 54 17
5614 95 82
5615 21 84
5616 9 57
5617 63 58
5618 30 5
5619 69 23
5620 10 62
5621 88 91
5622 86 9
5623 84 44
5624 18 42
5625 90 31
5626 76 84
5627 71 24
5628 6 27
5629 88 65
5630 64 85
5631 8 48
5632 16 99
5633 45 35
5634 18 82
5635 75 68
5636 55 64
5637 72 17
5638 52 25
5639 27 69
5640 28 36
5641 46 85
5642 72 76
5643 50 2
5644 1 28
5645 56 89
5646 48 50
5647 99 53
5648 5 0
5649 27 86
5650 38 59
5651 24 50
5652 38 0
5653 75 59
5654 24 7
5655 43 53
5656 51 53
5657 99 97
5658 59 11
5659 43 81
5660 79 67
5661 57 82
5662 95 61
5663 53 39
5664 39 60
5665 93 57
5666 68 67
5667 70 54
5668 53 10
5669 43 77
5670 10 30
5671 3 38
5672 18 43
5673 26 47
5674 20 16
5675 18 93
5676 30 15
5677 66 57
5678 22 3
5679 82 20
5680 3 76
5681 73 70
5682 2 16
5683 90 86
5684 43 9
5685 57 24
5686 74 30
5687 74 82
5688 56 13
5689 37 95
5690 17 49
5691 2 59
5692 40 98
5693 48 79
5694 87 67
5695 36 76
5696 22 90
5697 29 67
5698 49 5
5699 50 80
5700 31 44
5701 92 41
5702 34 24
5703 39 54
5704 38 6
5705 83 85
5706 12 11
5707 68 36
5708 33 92
5709 21 18
5710 98 40
5711 5 38
5712 19 90
5713 47 41
5714 23 23
5715 90 38
5716 92 38
5717 48 12
5718 79 54
5719 70 1
5720 29 43
5721 68 64
5722 31 65
5723 44 67
5724 18 8
5725 16 8
5726 7 71
5727 36 63
5728 42 44
5729 98 7
5730 74 84
5731 26 79
5732 1 76
5733 33 18
5734 44 52
5735 76 0
5736 15 23
5737 73 14
5738 77 52
5739 31 61
5740 6 63
5741 33 63
5742 65 70
5743 34 75
5744 15 95
5745 2 90
5746 85 26
5747 37 97
5748 31 45
5749 84 72
5750 55 0
5751 49 68
5752 90 24
5753 47 91
5754 75 86
5755 10 73
5756 95 96
5757 46 24
5758 92 15
5759 93 8
5760 81 98
5761 8 97
5762 81 18
5763 49 67
5764 92 68
5765 15 16
5766 29 17
5767 25 84
5768 74 47
5769 57 22
5770 36 23
5771 93 76
5772 35 52
5773 46 74
5774 98 76
5775 72 42
5776 58 56
5777 69 74
5778 62 85
5779 8 25
5780 42 96
5781 53 15
5782 23 53
5783 47 96
5784 0 89
5785 55 73
5786 12 21
5787 86 49
5788 78 22
5789 56 47
5790 7 90
5791 77 50
5792 77 65
5793 97 79
5794 89 84
5795 97 82
5796 10 59
5797 2 33
5798 64 2
5799 65 49
5800 0 97
5801 70 12
5802 25 45
5803 27 9
5804 8 46
5805 51 11
5806 1 57
5807 68 31
5808 0 31
5809 59 21
5810 15 14
5811 60 90
5812 68 43
5813 94 76
5814 12 18
5815 98 95
5816 40 40
5817 95 91
5818 62 27
5819 78 15
5820 67 65
5821 49 56
5822 51 59
5823 33 90
5824 25 37
5825 8 5
5826 82 1
5827 9 52
5828 77 9
5829 33 1
5830 55 51
5831 6 18
5832 48 57
5833 96 95
5834 69 93
5835 80 89
5836 53 98
5837 10 58
5838 73 8
5839 79 67
5840 0 35
5841 94 1
5842 84 80
5843 28 55
5844 62 70
5845 91 13
5846 50 72
5847 74 24
5848 73 59
5849 14 24
5850 13 20
5851 5 22
5852 33 11
5853 57 23
5854 19 48
5855 42 85
5856 93 89
5857 18 50
5858 64 9
5859 22 65
5860 21 72
5861 47 48
5862 84 86
5863 54 86
5864 64 92
5865 100 52
5866 13 79
5867 41 52
5868 88 44
5869 74 50
5870 78 64
5871 5 0
5872 13 39
5873 87 23
5874 73 76
5875 94 97
5876 69 1
5877 70 50
5878 62 81
5879 65 79
5880 61 51
5881 2 63
5882 33 76
5883 20 31
5884 56 36
5885 7 33
5886 2 65
5887 73 42
5888 23 61
5889 81 19
5890 46 80
5891 78 24
5892 90 5
5893 79 17
5894 66 5
5895 66 64
5896 99 11
5897 66 63
5898 52 23
5899 51 60
5900 63 48
5901 61 92
5902 28 4
5903 35 67
5904 98 36
5905 48 62
5906 93 55
5907 53 53
5908 59 37
5909 44 16
5910 33 59
5911 28 19
5912 40 16
5913 67 21
5914 56 77
5915 86 54
5916 42 76
5917 3 78
5918 56 24
5919 23 65
5920 71 23
5921 3 24
5922 11 17
5923 80 74
5924 9 10
5925 82 27
5926 10 18
5927 100 76
5928 57 70
5929 7 16
5930 14 64
5931 9 59
5932 1 31
5933 27 75
5934 75 26
5935 33 42
5936 60 31
5937 62 57
5938 17 79
5939 0 43
5940 13 95
5941 12 25
5942 36 47
5943 74 7
5944 40 30
5945 24 90
5946 18 99
5947 45 6
5948 5 64
5949 87 65
5950 85 54
5951 3 89
5952 3 1
5953 89 22
5954 82 3
5955 1 1
5956 15 42
5957 9 22
5958 86 73
5959 52 31
5960 17 100
5961 20 18
5962 76 13
5963 56 71
5964 6 92
5965 82 15
5966 1 42
5967 24 66
5968 42 81
5969 74 34
5970 77 83
5971 43 73
5972 73 32
5973 90 41
5974 23 64
5975 27 17
5976 38 97
5977 27 31
5978 8 97
5979 98 52
5980 77 68
5981 18 87
5982 80 29
5983 60 23
5984 86 3
5985 49 94
5986 87 87
5987 9 76
5988 42 11
5989 10 80
5990 58 47
5991 90 20
5992 36 87
5993 43 21
5994 10 98
5995 53 100
5996 3 73
5997 12 9
5998 96 69
5999 59 70
6000 34 63
6001 6 13
6002 25 17
6003 99 59
6004 97 86
6005 33 75
6006 95 17
6007 1 66
6008 84 42
6009 63 48
6010 42 81
6011 75 35
6012 46 85
6013 5 34
6014 46 82
6015 37 51
6016 96 36
6017 56 18
6018 73 33
6019 33 94
6020 15 20
6021 68 44
6022 78 4
6023 34 17
6024 58 69
6025 47 65
6026 6 75
6027 1 68
6028 36 23
6029 63 28
6030 85 58
6031 22 39
6032 31 67
6033 31 28
6034 26 39
6035 46 81
6036 3 54
6037 46 90
6038 35 66
6039 7 43
6040 90 46
6041 57 36
6042 84 50
6043 94 43
6044 68 90
6045 40 34
6046 73 2
6047 55 2
6048 35 34
6049 84 67
6050 74 47
6051 2 30
6052 69 90
6053 38 62
6054 1 33
6055 68 91
6056 93 5
6057 50 68
6058 77 46
6059 10 56
6060 95 67
6061 70 18
6062 10 64
6063 5 100
6064 10 11
6065 32 86
6066 72 23
6067 72 17
6068 8 28
6069 43 4
6070 55 45
6071 28 26
6072 76 28
6073 15 82
6074 64 51
6075 35 7
6076 34 69
6077 56 57
6078 87 66
6079 78 55
6080 51 99
6081 86 91
6082 72 85
6083 57 33
6084 28 71
6085 63 73
6086 12 97
6087 16 46
6088 91 81
6089 41 19
6090 50 42
6091 90 5
6092 20 24
6093 28 98
6094 33 23
6095 55 29
6096 70 64
6097 41 20
6098 81 61
6099 79 4
6100 32 55
6101 97 29
6102 21 17
6103 47 63
6104 36 70
6105 91 13
6106 31 49
6107 41 1
6108 100 59
6109 97 31
6110 71 12
6111 39 3
6112 100 8
6113 71 36
6114 47 68
6115 10 69
6116 30 15
6117 77 26
6118 30 42
6119 50 38
6120 49 87
6121 55 22
6122 7 34
6123 15 23
6124 99 30
6125 97 95
6126 39 55
6127 75 41
6128 55 94
6129 42 69
6130 97 44
6131 59 26
6132 13 16
6133 33 89
6134 22 37
6135 1 52
6136 93 9
6137 23 78
6138 71 15
6139 24 18
6140 49 34
6141 32 67
6142 89 55
6143 76 2
6144 21 61
6145 5 73
6146 23 51
6147 85 56
6148 81 99
6149 2 46
6150 81 44
6151 79 85
6152 13 21
6153 38 0
6154 96 30
6155 78 88
6156 3 72
6157 34 46
6158 13 30
6159 13 34
6160 4 97
6161 67 60
6162 0 45
6163 46 97
6164 13 93
6165 37 72
6166 24 24
6167 51 89
6168 64 98
6169 24 6
6170 76 98
6171 61 6
6172 9 81
6173 47 85
6174 38 79
6175 77 32
6176 34 57
6177 69 72
6178 74 78
6179 96 93
6180 62 95
6181 38 100
6182 48 21
6183 46 69
6184 49 19
6185 64 47
6186 86 48
6187 38 93
6188 42 13
6189 87 42
6190 46 92
6191 99 28
6192 16 81
6193 59 2
6194 88 42
6195 3 0
6196 77 20
6197 65 16
6198 58 75
6199 9 54
6200 8 18
6201 8 84
6202 69 42
6203 19 95
6204 59 73
6205 33 76
6206 100 84
6207 76 100
6208 46 43
6209 35 21
6210 14 26
6211 26 14
6212 1 71
6213 2 42
6214 35 94
6215 1 14
6216 54 63
6217 32 75
6218 47 70
6219 46 24
6220 95 99
6221 31 100
6222 41 23
6223 60 45
6224 47 45
6225 23 83
6226 56 41
6227 19 22
6228 42 62
6229 51 21
6230 22 15
6231 53 40
6232 45 64
6233 88 88
6234 17 49
6235 37 52
6236 64 83
6237 71 74
6238 5 85
6239 83 16
6240 75 23
6241 40 82
6242 64 66
6243 95 3
6244 20 42
6245 67 51
6246 12 22
6247 73 71
6248 95 90
6249 86 87
6250 23 6
6251 69 62
6252 68 85
6253 87 39
6254 80 22
6255 56 76
6256 21 26
6257 0 85
6258 7 81
6259 5 28
6260 24 19
6261 82 87
6262 14 50
6263 37 3
6264 24 58
6265 74 59
6266 10 89
6267 99 92
6268 7 65
6269 61 36
6270 73 59
6271 28 19
6272 88 53
6273 12 63
6274 34 91
6275 50 16
6276 1 56
6277 14 6
6278 85 74
6279 13 100
6280 12 31
6281 34 11
6282 9 96
6283 56 99
6284 80 20
6285 34 67
6286 68 70
6287 73 37
6288 19 19
6289 9 63
6290 48 9
6291 40 20
6292 37 22
6293 32 93
6294 64 35
6295 90 51
6296 66 7
6297 17 73
6298 69 92
6299 85 82
6300 94 77
6301 61 39
6302 61 99
6303 13 48
6304 4 78
6305 60 72
6306 27 83
6307 64 96
6308 95 45
6309 6 48
6310 63 6
6311 85 75
6312 63 100
6313 78 31
6314 49 78
6315 23 1
6316 95 12
6317 11 18
6318 30 14
6319 41 15
6320 41 34
6321 15 25
6322 66 55
6323 44 66
6324 73 23
6325 32 83
6326 75 57
6327 60 3
6328 25 32
6329 60 95
6330 95 75
6331 4 84
6332 75 40
6333 75 79
6334 43 51
6335 18 5
6336 90 87
6337 14 68
6338 57 58
6339 60 12
6340 74 34
6341 18 33
6342 10 11
6343 33 93
6344 73 84
6345 57 10
6346 49 17
6347 72 64
6348 74 24
6349 95 83
6350 10 67
6351 80 83
6352 0 78
6353 53 87
6354 70 8
6355 90 27
6356 36 69
6357 46 61
6358 67 71
6359 62 24
6360 60 16
6361 92 14
6362 53 0
6363 81 45
6364 88 8
6365 82 28
6366 21 55
6367 52 95
6368 90 49
6369 67 76
6370 43 52
6371 72 56
6372 84 45
6373 19 5
6374 78 79
6375 67 46
6376 20 72
6377 98 69
6378 87 7
6379 46 3
6380 51 19
6381 85 19
6382 6 57
6383 68 17
6384 27 2
6385 82 10
6386 19 100
6387 9 81
6388 60 73
6389 63 64
6390 47 49
6391 36 26
6392 64 52
6393 31 36
6394 40 33
6395 80 85
6396 44 53
6397 12 26
6398 59 67
6399 71 17
6400 44 41
6401 29 79
6402 80 98
6403 38 93
6404 72 88
6405 71 8
6406 47 53
6407 16 49
6408 90 26
6409 34 62
6410 39 66
6411 37 51
6412 6 50
6413 36 99
6414 61 57
6415 19 76
6416 87 68
6417 2 27
6418 74 70
6419 45 58
6420 73 76
6421 22 81
6422 97 90
6423 39 48
6424 72 36
6425 70 24
6426 25 48
6427 61 39
6428 15 47
6429 36 17
6430 68 83
6431 0 61
6432 100 98
6433 90 0
6434 27 2
6435 28 53
6436 29 54
6437 10 65
6438 92 31
6439 0 58
6440 8 56
6441 42 67
6442 66 2
6443 48 11
6444 64 36
6445 44 48
6446 69 76
6447 83 14
6448 10 66
6449 4 65
6450 30 62
6451 61 66
6452 85 85
6453 14 29
6454 2 24
6455 61 83
6456 87 78
6457 99 88
6458 33 76
6459 96 86
6460 66 22
6461 20 71
6462 32 0
6463 95 89
6464 29 34
6465 36 10
6466 21 43
6467 23 15
6468 43 10
6469 41 89
6470 38 67
6471 6 9
6472 2 1
6473 8 83
6474 74 43
6475 40 93
6476 71 18
6477 56 76
6478 74 90
6479 14 74
6480 61 37
6481 85 37
6482 93 67
6483 56 78
6484 19 61
6485 60 97
6486 8 25
6487 71 94
6488 72 93
6489 11 23
6490 18 0
6491 81 68
6492 21 98
6493 66 28
6494 55 100
6495 19 90
6496 81 49
6497 43 19
6498 36 87
6499 77 71
6500 37 32
6501 24 100
6502 37 36
6503 36 97
6504 88 73
6505 58 67
6506 83 92
6507 3 39
6508 87 13
6509 58 48
6510 78 87
6511 24 16
6512 58 99
6513 40 66
6514 78 75
6515 20 23
6516 1 48
6517 41 77
6518 46 18
6519 45 78
6520 48 78
6521 24 48
6522 70 49
6523 5 69
6524 62 86
6525 44 42
6526 59 83
6527 5 88
6528 79 73
6529 14 11
6530 23 36
6531 30 42
6532 99 64
6533 81 23
6534 0 33
6535 71 39
6536 95 8
6537 79 92
6538 76 19
6539 52 54
6540 3 9
6541 65 77
6542 1 77
6543 59 75
6544 48 72
6545 69 84
6546 31 6
6547 85 46
6548 9 68
6549 22 95
6550 46 21
6551 100 89
6552 68 27
6553 63 50
6554 71 1
6555 46 82
6556 98 17
6557 61 12
6558 30 43
6559 50 67
6560 44 78
6561 99 69
6562 0 76
6563 27 53
6564 96 92
6565 64 14
6566 70 37
6567 53 33
6568 1 31
6569 59 20
6570 82 30
6571 68 39
6572 91 49
6573 20 96
6574 94 60
6575 48 78
6576 53 72
6577 88 72
6578 42 86
6579 77 76
6580 44 32
6581 33 21
6582 91 59
6583 33 12
6584 53 86
6585 34 59
6586 5 84
6587 9 76
6588 89 33
6589 41 24
6590 8 35
6591 14 66
6592 87 82
6593 61 57
6594 98 92
6595 50 43
6596 1 51
6597 15 51
6598 86 12
6599 90 11
6600 54 100
6601 62 68
6602 84 45
6603 56 93
6604 29 24
6605 17 98
6606 50 40
6607 37 74
6608 13 16
6609 18 26
6610 9 81
6611 87 43
6612 43 62
6613 71 98
6614 1 87
6615 47 65
6616 87 80
6617 62 19
6618 62 10
6619 85 2
6620 43 18
6621 61 0
6622 32 18
6623 13 92
6624 6 57
6625 96 66
6626 9 44
6627 82 48
6628 54 93
6629 77 36
6630 42 39
6631 66 61
6632 5 44
6633 21 56
6634 20 56
6635 44 7
6636 1 95
6637 99 52
6638 7 46
6639 9 39
6640 43 48
6641 69 15
6642 0 53
6643 94 29
6644 0 66
6645 57 23
6646 65 89
6647 14 54
6648 25 52
6649 0 34
6650 6 62
6651 23 37
6652 18 74
6653 25 37
6654 75 75
6655 74 78
6656 39 22
6657 21 48
6658 67 48
6659 83 31
6660 8 18
6661 30 63
6662 47 94
6663 98 84
6664 63 74
6665 62 91
6666 3 21
6667 92 11
6668 71 54
6669 4 11
6670 48 11
6671 27 66
6672 29 32
6673 75 75
6674 87 55
6675 21 53
6676 4 72
6677 84 25
6678 7 20
6679 91 81
6680 26 26
6681 6 62
6682 83 78
6683 68 92
6684 12 36
6685 69 3
6686 44 58
6687 54 69
6688 56 19
6689 46 51
6690 56 51
6691 16 23
6692 57 81
6693 17 62
6694 86 61
6695 51 24
6696 3 0
6697 73 54
6698 25 2
6699 35 65
6700 95 16
6701 5 18
6702 94 65
6703 38 45
6704 29 66
6705 37 44
6706 25 38
6707 72 82
6708 33 88
6709 89 95
6710 19 82
6711 4 21
6712 28 93
6713 85 84
6714 87 25
6715 42 73
6716 69 56
6717 98 72
6718 43 26
6719 80 94
6720 47 52
6721 25 82
6722 48 25
6723 30 90
6724 82 65
6725 54 73
6726 8 53
6727 39 84
6728 84 88
6729 76 66
6730 70 98
6731 79 89
6732 55 88
6733 74 22
6734 3 11
6735 21 3
6736 73 5
6737 44 47
6738 72 1
6739 9 92
6740 7 49
6741 38 80
6742 92 28
6743 71 34
6744 90 74
6745 89 28
6746 76 38
6747 7 38
6748 26 97
6749 90 37
6750 88 41
6751 21 66
6752 50 98
6753 45 97
6754 85 82
6755 77 60
6756 69 83
6757 52 73
6758 16 4
6759 42 75
6760 76 95
6761 23 10
6762 29 55
6763 40 97
6764 80 96
6765 54 23
6766 79 31
6767 11 53
6768 93 68
6769 5 85
6770 4 4
6771 20 37
6772 76 36
6773 45 32
6774 32 23
6775 45 49
6776 14 92
6777 61 88
6778 35 51
6779 79 19
6780 39 31
6781 33 39
6782 1 99
6783 36 16
6784 95 55
6785 16 33
6786 25 67
6787 41 49
6788 86 28
6789 84 67
6790 97 23
6791 51 60
6792 65 59
6793 62 4
6794 32 46
6795 70 26
6796 75 53
6797 22 97
6798 51 33
6799 56 81
6800 20 4
6801 37 3
6802 38 37
6803 57 41
6804 21 72
6805 55 36
6806 8 92
6807 31 41
6808 95 21
6809 52 75
6810 61 10
6811 89 72
6812 93 93
6813 40 36
6814 66 0
6815 100 35
6816 36 27
6817 100 22
6818 37 73
6819 44 74
6820 95 23
6821 26 7
6822 9 6
6823 88 15
6824 55 89
6825 98 35
6826 96 97
6827 63 78
6828 17 21
6829 97 82
6830 2 25
6831 88 63
6832 20 18
6833 57 66
6834 99 81
6835 88 18
6836 25 89
6837 78 98
6838 26 16
6839 54 34
6840 89 97
6841 67 21
6842 15 8
6843 46 89
6844 89 54
6845 76 79
6846 1 75
6847 14 52
6848 81 59
6849 48 31
6850 72 43
6851 50 62
6852 12 46
6853 27 38
6854 65 69
6855 72 74
6856 53 0
6857 22 40
6858 20 21
6859 98 4
6860 72 24
6861 17 20
6862 47 21
6863 83 79
6864 40 62
6865 82 25
6866 33 78
6867 42 89
6868 64 47
6869 93 85
6870 96 35
6871 59 63
6872 52 53
6873 11 64
6874 80 18
6875 69 80
6876 98 77
6877 88 20
6878 80 63
6879 89 22
6880 45 31
6881 70 79
6882 71 13
6883 42 2
6884 83 54
6885 23 38
6886 19 84
6887 5 34
6888 51 40
6889 36 72
6890 57 19
6891 16 85
6892 73 69
6893 71 41
6894 97 65
6895 82 85
6896 25 4
6897 93 27
6898 90 67
6899 98 48
6900 5 74
6901 99 90
6902 4 51
6903 88 44
6904 95 99
6905 9 61
6906 98 79
6907 36 47
6908 60 8
6909 90 56
6910 79 58
6911 69 12
6912 9 61
6913 51 73
6914 20 13
6915 7 41
6916 12 0
6917 79 19
6918 68 26
6919 2 39
6920 59 44
6921 2 71
6922 98 9
6923 93 39
6924 80 30
6925 57 95
6926 20 28
6927 88 7
6928 4 5
6929 66 64
6930 63 9
6931 66 65
6932 99 55
6933 9 93
6934 31 29
6935 11 77
6936 63 3
6937 2 43
6938 13 57
6939 53 44
6940 40 24
6941 86 69
6942 61 86
6943 94 92
6944 53 22
6945 50 54
6946 87 84
6947 99 60
6948 37 30
6949 75 52
6950 24 5
6951 95 50
6952 32 12
6953 13 34
6954 6 14
6955 46 99
6956 57 24
6957 91 68
6958 78 52
6959 18 32
6960 22 65
6961 57 22
6962 27 43
6963 23 28
6964 28 62
6965 57 0
6966 52 39
6967 93 2
6968 61 25
6969 85 6
6970 0 44
6971 86 81
6972 97 21
6973 55 32
6974 28 54
6975 48 14
6976 38 16
6977 13 98
6978 94 47
6979 43 61
6980 89 2
6981 97 59
6982 25 31
6983 27 34
6984 89 98
6985 33 2
6986 15 60
6987 0 43
6988 85 44
6989 67 88
6990 42 34
6991 16 24
6992 20 27
6993 37 35
6994 76 3
6995 52 53
6996 3 20
6997 92 93
6998 64 9
6999 90 37
7000 66 54
7001 31 31
7002 19 46
7003 35 96
7004 56 32
7005 19 6
7006 49 10
7007 73 7
7008 10 50
7009 100 26
7010 7 10
7011 31 60
7012 90 81
7013 55 87
7014 96 42
7015 13 22
7016 68 68
7017 20 85
7018 58 43
7019 63 97
7020 50 33
7021 4 87
7022 47 34
7023 20 17
7024 6 26
7025 43 81
7026 22 50
7027 32 73
7028 10 15
7029 90 81
7030 62 41
7031 39 84
7032 93 3
7033 5 73
7034 47 92
7035 88 13
7036 13 84
7037 50 17
7038 27 26
7039 86 25
7040 34 74
7041 91 60
7042 69 0
7043 29 56
7044 55 96
7045 14 76
7046 88 44
7047 60 11
7048 81 94
7049 7 25
7050 95 40
7051 2 93
7052 91 38
7053 59 59
7054 71 90
7055 75 82
7056 38 60
7057 95 93
7058 83 84
7059 83 63
7060 51 60
7061 71 98
7062 58 78
7063 26 99
7064 66 23
7065 78 68
7066 88 95
7067 15 43
7068 37 95
7069 88 24
7070 42 18
7071 6 14
7072 11 21
7073 50 86
7074 57 24
7075 35 3
7076 86 36
7077 73 48
7078 11 26
7079 32 42
7080 28 61
7081 84 80
7082 75 54
7083 88 5
7084 23 60
7085 71 64
7086 52 77
7087 96 51
7088 39 1
7089 22 91
7090 27 77
7091 19 98
7092 43 5
7093 89 55
7094 87 83
7095 35 87
7096 27 99
7097 34 69
7098 86 97
7099 75 73
7100 0 34
7101 44 27
7102 43 95
7103 76 68
7104 84 54
7105 48 73
7106 13 95
7107 35 5
7108 58 18
7109 5 12
7110 17 53
7111 62 71
7112 55 2
7113 82 34
7114 23 11
7115 85 55
7116 63 95
7117 80 7
7118 20 8
7119 84 63
7120 18 40
7121 46 3
7122 99 19
7123 79 8
7124 17 3
7125 64 48
7126 22 17
7127 22 34
7128 5 88
7129 97 63
7130 41 65
7131 36 32
7132 0 70
7133 31 69
7134 61 56
7135 36 100
7136 15 23
7137 35 24
7138 11 48
7139 1 9
7140 42 19
7141 9 43
7142 37 69
7143 88 98
7144 8 43
7145 70 56
7146 44 69
7147 31 86
7148 30 60
7149 19 40
7150 19 25
7151 76 35
7152 20 38
7153 87 81
7154 44 6
7155 19 54
7156 73 82
7157 60 64
7158 72 8
7159 29 61
7160 41 73
7161 60 17
7162 21 79
7163 47 88
7164 51 27
7165 84 13
7166 9 47
7167 40 72
7168 94 17
7169 12 44
7170 66 10
7171 96 93
7172 51 1
7173 100 45
7174 66 92
7175 27 79
7176 73 41
7177 80 50
7178 84 79
7179 57 97
7180 23 68
7181 62 97
7182 22 14
7183 65 21
7184 18 17
7185 79 28
7186 99 42
7187 61 90
7188 89 70
7189 76 47
7190 54 17
7191 47 16
7192 27 79
7193 27 73
7194 2 48
7195 1 82
7196 21 86
7197 89 61
7198 35 34
7199 39 30
7200 25 44
7201 64 97
7202 16 80
7203 25 42
7204 58 51
7205 20 94
7206 5 23
7207 43 28
7208 13 74
7209 92 14
7210 74 6
7211 65 65
7212 8 78
7213 43 98
7214 64 97
7215 3 62
7216 76 53
7217 68 67
7218 57 7
7219 1 45
7220 85 24
7221 19 30
7222 18 8
7223 77 46
7224 31 76
7225 82 68
7226 45 74
7227 21 37
7228 93 79
7229 99 21
7230 80 57
7231 91 47
7232 57 44
7233 43 61
7234 52 28
7235 80 61
7236 57 65
7237 45 51
7238 94 18
7239 96 59
7240 45 52
7241 87 46
7242 5 42
7243 3 92
7244 67 32
7245 31 88
7246 61 98
7247 94 25
7248 100 38
7249 74 0
7250 52 52
7251 38 10
7252 20 64
7253 56 38
7254 64 81
7255 84 84
7256 67 6
7257 79 9
7258 37 68
7259 9 60
7260 73 100
7261 36 47
7262 51 94
7263 42 90
7264 71 28
7265 30 19
7266 30 15
7267 57 32
7268 47 9
7269 34 60
7270 96 70
7271 37 54
7272 43 55
7273 83 94
7274 65 34
7275 86 90
7276 15 71
7277 34 44
7278 86 11
7279 29 18
7280 87 26
7281 7 21
7282 31 74
7283 92 42
7284 32 56
7285 21 13
7286 49 14
7287 40 8
7288 2 49
7289 28 23
7290 4 23
7291 65 85
7292 87 70
7293 73 27
7294 30 26
7295 99 89
7296 34 43
7297 12 78
7298 63 39
7299 73 12
7300 95 77
7301 27 67
7302 26 35
7303 16 24
7304 97 44
7305 9 56
7306 14 25
7307 35 88
7308 96 4
7309 12 88
7310 8 55
7311 55 39
7312 19 98
7313 1 94
7314 3 71
7315 100 90
7316 83 67
7317 12 38
7318 38 21
7319 70 53
7320 65 5
7321 26 26
7322 84 98
7323 13 13
7324 9 45
7325 24 51
7326 47 52
7327 50 79
7328 30 66
7329 83 44
7330 77 27
7331 61 12
7332 76 98
7333 3 47
7334 90 40
7335 3 39
7336 39 79
7337 54 16
7338 45 73
7339 41 42
7340 43 3
7341 24 13
7342 43 8
7343 65 66
7344 67 46
7345 73 55
7346 65 84
7347 20 98
7348 65 73
7349 79 100
7350 36 98
7351 50 50
7352 46 84
7353 73 18
7354 54 56
7355 70 46
7356 46 95
7357 9 60
7358 86 50
7359 16 40
7360 18 19
7361 93 64
7362 87 86
7363 40 81
7364 5 49
7365 43 23
7366 66 77
7367 36 17
7368 14 79
7369 68 68
7370 24 0
7371 71 3
7372 0 69
7373 84 48
7374 35 55
7375 85 38
7376 78 71
7377 12 5
7378 49 69
7379 79 6
7380 13 14
7381 36 54
7382 58 45
7383 21 1
7384 86 61
7385 16 6
7386 9 50
7387 0 34
7388 12 41
7389 30 49
7390 40 96
7391 94 25
7392 94 94
7393 10 43
7394 49 0
7395 56 50
7396 91 27
7397 7 40
7398 67 57
7399 53 96
7400 59 79
7401 66 17
7402 52 20
7403 81 63
7404 62 10
7405 36 85
7406 52 82
7407 77 36
7408 45 79
7409 61 16
7410 25 83
7411 44 72
7412 38 22
7413 14 14
7414 48 5
7415 2 11
7416 69 77
7417 49 51
7418 92 48
7419 5 68
7420 9 92
7421 69 55
7422 73 54
7423 80 55
7424 98 56
7425 50 38
7426 7 47
7427 17 40
7428 8 33
7429 70 93
7430 37 47
7431 76 34
7432 74 1
7433 40 75
7434 73 59
7435 28 16
7436 22 31
7437 59 88
7438 3 25
7439 30 54
7440 94 19
7441 52 55
7442 65 30
7443 42 69
7444 23 24
7445 68 7
7446 28 64
7447 67 18
7448 62 81
7449 12 77
7450 4 48
7451 86 31
7452 53 35
7453 16 45
7454 29 55
7455 31 10
7456 79 83
7457 97 46
7458 0 100
7459 24 56
7460 13 45
7461 65 28
7462 55 25
7463 77 51
7464 56 96
7465 97 5
7466 63 80
7467 54 72
7468 58 42
7469 52 98
7470 5 54
7471 89 89
7472 34 98
7473 5 44
7474 23 8
7475 45 88
7476 6 45
7477 64 67
7478 0 51
7479 55 8
7480 16 16
7481 42 64
7482 1 56
7483 90 29
7484 79 60
7485 69 48
7486 20 49
7487 56 81
7488 8 72
7489 78 31
7490 75 99
7491 73 6
7492 10 51
7493 56 79
7494 68 59
7495 36 10
7496 82 10
7497 2 98
7498 91 13
7499 35 91
7500 2 4
7501 11 30
7502 71 28
7503 45 75
7504 60 57
7505 89 9
7506 26 71
7507 13 74
7508 30 59
7509 73 13
7510 65 92
7511 73 63
7512 41 8
7513 64 52
7514 66 62
7515 34 79
7516 49 90
7517 24 63
7518 71 53
7519 43 3
7520 6 8
7521 9 5
7522 61 82
7523 8 91
7524 42 15
7525 28 42
7526 80 83
7527 60 39
7528 75 27
7529 30 19
7530 80 100
7531 30 48
7532 72 2
7533 64 60
7534 69 77
7535 1 75
7536 71 86
7537 75 5
7538 0 69
7539 72 50
7540 35 69
7541 41 32
7542 18 20
7543 56 87
7544 23 60
7545 98 37
7546 87 20
7547 1 100
7548 74 65
7549 46 81
7550 24 43
7551 20 57
7552 22 14
7553 68 43
7554 53 82
7555 45 88
7556 79 89
7557 79 90
7558 62 58
7559 37 3
7560 51 19
7561 70 4
7562 9 15
7563 92 12
7564 93 59
7565 68 10
7566 48 78
7567 30 94
7568 58 67
7569 30 87
7570 52 10
7571 38 74
7572 78 90
7573 18 73
7574 78 50
7575 28 12
7576 43 88
7577 83 99
7578 61 3
7579 60 24
7580 46 38
7581 4 81
7582 22 26
7583 31 5
7584 33 44
7585 36 54
7586 63 5
7587 59 25
7588 9 59
7589 89 38
7590 100 54
7591 42 60
7592 76 99
7593 61 11
7594 83 45
7595 13 78
7596 78 60
7597 6 86
7598 72 42
7599 56 29
7600 53 12
7601 57 56
7602 81 69
7603 8 63
7604 34 78
7605 45 37
7606 49 90
7607 93 57
7608 45 87
7609 74 71
7610 38 15
7611 3 88
7612 42 71
7613 36 20
7614 75 56
7615 88 35
7616 46 1
7617 67 47
7618 41 31
7619 8 63
7620 84 71
7621 75 40
7622 67 82
7623 69 39
7624 98 80
7625 2 74
7626 18 62
7627 45 78
7628 87 8
7629 66 28
7630 3 18
7631 76 30
7632 98 90
7633 11 86
7634 89 84
7635 40 50
7636 94 97
7637 22 20
7638 39 89
7639 44 78
7640 11 28
7641 14 32
7642 61 57
7643 94 58
7644 79 45
7645 29 93
7646 20 87
7647 12 16
7648 50 54
7649 87 50
7650 74 31
7651 42 27
7652 10 2
7653 84 65
7654 60 100
7655 32 57
7656 89 32
7657 50 23
7658 95 47
7659 36 37
7660 54 72
7661 78 100
7662 11 50
7663 7 69
7664 20 44
7665 28 15
7666 29 53
7667 11 20
7668 0 34
7669 14 75
7670 96 40
7671 78 19
7672 47 40
7673 32 33
7674 5 79
7675 83 24
7676 61 32
7677 14 45
7678 48 18
7679 66 53
7680 37 36
7681 18 42
7682 9 33
7683 9 86
7684 36 17
7685 47 65
7686 56 79
7687 48 94
7688 90 20
7689 78 53
7690 72 81
7691 0 57
7692 99 63
7693 3 43
7694 62 36
7695 94 89
7696 91 8
7697 70 30
7698 94 48
7699 62 24
7700 18 98
7701 73 11
7702 23 52
7703 54 56
7704 77 67
7705 47 40
7706 38 27
7707 34 40
7708 32 37
7709 36 73
7710 92 70
7711 97 46
7712 94 64
7713 7 83
7714 62 34
7715 89 71
7716 43 35
7717 48 74
7718 85 82
7719 17 25
7720 48 40
7721 88 60
7722 2 32
7723 2 95
7724 76 95
7725 49 28
7726 32 69
7727 24 35
7728 14 19
7729 54 96
7730 24 3
7731 10 43
7732 9 79
7733 34 62
7734 49 58
7735 87 25
7736 42 67
7737 5 66
7738 16 36
7739 84 58
7740 18 42
7741 94 85
7742 84 69
7743 30 31
7744 83 35
7745 32 37
7746 85 82
7747 29 66
7748 76 58
7749 80 25
7750 97 66
7751 88 44
7752 68 42
7753 71 73
7754 57 10
7755 37 18
7756 1 29
7757 31 44
7758 6 47
7759 67 63
7760 55 48
7761 67 31
7762 93 50
7763 8 38
7764 87 14
7765 64 44
7766 81 53
7767 57 32
7768 10 37
7769 54 29
7770 63 49
7771 69 11
7772 29 62
7773 28 29
7774 18 98
7775 84 25
7776 19 41
7777 8 39
7778 70 73
7779 77 2
7780 53 28
7781 1 78
7782 56 57
7783 18 13
7784 10 10
7785 30 35
7786 47 3
7787 65 29
7788 71 96
7789 78 91
7790 41 14
7791 75 62
7792 22 49
7793 14 28
7794 59 90
7795 46 40
7796 61 63
7797 95 63
7798 76 29
7799 19 53
7800 12 54
7801 56 15
7802 81 5
7803 0 97
7804 74 36
7805 23 76
7806 40 33
7807 1 100
7808 87 41
7809 66 90
7810 53 12
7811 58 40
7812 4 2
7813 11 5
7814 77 21
7815 98 20
7816 4 46
7817 55 68
7818 30 9
7819 4 11
7820 3 35
7821 46 77
7822 74 30
7823 83 61
7824 64 25
7825 30 42
7826 86 40
7827 22 23
7828 89 24
7829 29 85
7830 52 70
7831 88 58
7832 34 16
7833 36 26
7834 11 60
7835 37 75
7836 21 10
7837 47 6
7838 45 73
7839 13 95
7840 17 46
7841 0 25
7842 0 6
7843 5 91
7844 46 40
7845 12 76
7846 6 100
7847 53 10
7848 100 51
7849 15 21
7850 74 14
7851 49 42
7852 10 96
7853 91 69
7854 31 33
7855 21 57
7856 89 24
7857 77 29
7858 44 52
7859 3 92
7860 80 21
7861 0 82
7862 21 71
7863 29 84
7864 31 34
7865 85 54
7866 76 48
7867 3 68
7868 39 81
7869 62 35
7870 21 94
7871 62 10
7872 69 28
7873 53 90
7874 6 10
7875 35 100
7876 23 68
7877 79 50
7878 12 57
7879 45 89
7880 20 51
7881 40 61
7882 100 69
7883 86 7
7884 23 1
7885 14 42
7886 100 1
7887 35 49
7888 27 77
7889 54 9
7890 18 37
7891 78 99
7892 39 74
7893 75 90
7894 0 32
7895 11 80
7896 93 36
7897 62 5
7898 16 93
7899 44 38
7900 15 39
7901 92 41
7902 8 81
7903 28 34
7904 96 69
7905 57 2
7906 95 74
7907 35 90
7908 96 65
7909 76 72
7910 87 87
7911 6 52
7912 92 72
7913 2 66
7914 84 39
7915 38 41
7916 31 98
7917 89 79
7918 31 37
7919 70 6
7920 9 4
7921 28 0
7922 81 70
7923 34 49
7924 89 87
7925 64 78
7926 76 24
7927 20 50
7928 32 25
7929 49 49
7930 6 77
7931 53 11
7932 60 44
7933 74 19
7934 15 93
7935 68 34
7936 42 92
7937 31 82
7938 79 15
7939 9 18
7940 64 31
7941 87 87
7942 38 62
7943 79 54
7944 6 24
7945 52 82
7946 4 63
7947 64 94
7948 21 7
7949 14 61
7950 94 60
7951 57 26
7952 100 99
7953 1 47
7954 31 7
7955 98 76
7956 46 92
7957 5 45
7958 41 83
7959 89 88
7960 17 48
7961 69 56
7962 26 29
7963 11 7
7964 10 22
7965 95 51
7966 64 62
7967 99 45
7968 11 0
7969 39 40
7970 72 83
7971 41 62
7972 98 31
7973 25 5
7974 61 19
7975 79 42
7976 90 24
7977 2 17
7978 52 25
7979 90 39
7980 100 0
7981 98 87
7982 72 0
7983 17 60
7984 54 35
7985 13 27
7986 37 4
7987 19 52
7988 65 69
7989 100 25
7990 93 96
7991 93 36
7992 82 30
7993 5 63
7994 89 98
7995 40 31
7996 25 27
7997 44 96
7998 0 34
7999 60 17
8000 26 55
8001 76 40
8002 27 10
8003 89 74
8004 64 33
8005 30 26
8006 12 73
8007 25 22
8008 8 87
8009 68 47
8010 36 31
8011 1 5
8012 79 20
8013 97 48
8014 53 93
8015 66 20
8016 81 10
8017 2 63
8018 4 97
8019 25 57
8020 34 24
8021 79 66
8022 41 28
8023 40 67
8024 98 26
8025 78 46
8026 7 26
8027 12 20
8028 49 31
8029 51 47
8030 96 19
8031 4 54
8032 65 7
8033 75 85
8034 51 68
8035 72 26
8036 87 49
8037 50 97
8038 6 22
8039 98 84
8040 24 61
8041 62 37
8042 30 18
8043 44 87
8044 80 20
8045 55 6
8046 84 58
8047 31 51
8048 8 92
8049 95 31
8050 20 14
8051 68 12
8052 6 49
8053 30 45
8054 100 31
8055 40 71
8056 61 19
8057 11 56
8058 1 51
8059 56 60
8060 66 63
8061 28 91
8062 62 38
8063 13 80
8064 69 97
8065 88 95
8066 41 94
8067 55 60
8068 34 81
8069 8 20
8070 24 29
8071 19 66
8072 23 50
8073 79 67
8074 17 31
8075 43 17
8076 44 91
8077 73 51
8078 71 56
8079 24 4
8080 70 12
8081 11 64
8082 69 76
8083 72 72
8084 19 96
8085 28 49
8086 33 46
8087 60 83
8088 90 39
8089 7 70
8090 43 31
8091 25 24
8092 39 74
8093 98 22
8094 87 27
8095 48 78
8096 36 51
8097 82 56
8098 57 99
8099 51 73
8100 38 72
8101 75 73
8102 81 82
8103 92 4
8104 3 70
8105 52 75
8106 92 55
8107 88 67
8108 20 90
8109 100 12
8110 4 20
8111 63 88
8112 19 42
8113 59 76
8114 83 54
8115 68 36
8116 99 50
8117 73 91
8118 8 45
8119 3 41
8120 49 33
8121 77 17
8122 12 86
8123 82 15
8124 43 91
8125 41 73
8126 52 84
8127 27 67
8128 32 61
8129 39 76
8130 18 56
8131 29 27
8132 44 16
8133 32 8
8134 17 16
8135 70 0
8136 43 71
8137 79 27
8138 35 0
8139 32 9
8140 5 40
8141 41 14
8142 89 48
8143 94 55
8144 41 61
8145 76 20
8146 43 99
8147 42 9
8148 98 42
8149 19 10
8150 38 32
8151 83 32
8152 57 76
8153 84 15
8154 55 34
8155 50 76
8156 14 94
8157 86 85
8158 58 58
8159 94 28
8160 81 41
8161 37 81
8162 13 69
8163 86 88
8164 60 94
8165 28 100
8166 9 69
8167 100 41
8168 99 1
8169 26 51
8170 18 12
8171 26 56
8172 10 21
8173 77 12
8174 67 23
8175 29 10
8176 54 19
8177 7 45
8178 52 25
8179 68 11
8180 44 29
8181 7 44
8182 63 46
8183 81 2
8184 12 59
8185 62 39
8186 85 66
8187 26 36
8188 6 55
8189 70 73
8190 57 81
8191 19 91
8192 42 3
8193 48 34
8194 71 38
8195 41 2
8196 39 95
8197 21 76
8198 78 83
8199 15 0
8200 24 93
8201 32 72
8202 98 13
8203 60 54
8204 86 61
8205 73 71
8206 1 96
8207 37 0
8208 89 62
8209 64 52
8210 38 69
8211 20 22
8212 70 38
8213 97 8
8214 35 61
8215 99 13
8216 31 6
8217 6 64
8218 35 56
8219 91 6
8220 0 54
8221 42 0
8222 25 41
8223 21 63
8224 21 20
8225 100 94
8226 69 55
8227 67 0
8228 77 44
8229 63 9
8230 75 56
8231 35 17
8232 73 88
8233 43 59
8234 53 43
8235 83 78
8236 29 57
8237 53 39
8238 39 27
8239 29 48
8240 71 91
8241 51 92
8242 23 54
8243 19 55
8244 52 29
8245 94 69
8246 23 86
8247 98 81
8248 71 6
8249 91 99
8250 51 57
8251 80 42
8252 86 33
8253 19 2
8254 80 88
8255 40 28
8256 8 61
8257 67 27
8258 39 80
8259 38 51
8260 72 67
8261 91 10
8262 19 64
8263 73 72
8264 61 60
8265 44 48
8266 11 30
8267 1 53
8268 99 82
8269 53 53
8270 72 56
8271 6 51
8272 22 7
8273 93 13
8274 23 77
8275 63 21
8276 70 18
8277 64 67
8278 22 45
8279 21 3
8280 31 80
8281 15 41
8282 5 15
8283 52 57
8284 22 11
8285 100 94
8286 14 29
8287 8 35
8288 22 76
8289 16 70
8290 13 8
8291 29 44
8292 89 71
8293 42 83
8294 24 0
8295 14 85
8296 26 42
8297 39 83
8298 28 49
8299 87 46
8300 29 30
8301 61 0
8302 71 52
8303 0 78
8304 11 34
8305 63 24
8306 5 93
8307 36 1
8308 96 91
8309 54 4
8310 21 85
8311 36 92
8312 5 28
8313 99 76
8314 26 12
8315 0 21
8316 90 45
8317 31 7
8318 66 14
8319 82 86
8320 67 17
8321 21 19
8322 66 54
8323 27 65
8324 88 52
8325 79 100
8326 84 19
8327 22 88
8328 60 28
8329 48 78
8330 20 74
8331 85 35
8332 69 91
8333 87 11
8334 62 42
8335 98 18
8336 75 18
8337 10 77
8338 2 35
8339 37 0
8340 53 85
8341 23 1
8342 61 39
8343 20 11
8344 12 46
8345 26 23
8346 39 71
8347 6 37
8348 87 53
8349 7 37
8350 10 24
8351 34 41
8352 74 51
8353 63 16
8354 44 62
8355 77 73
8356 67 25
8357 25 93
8358 5 40
8359 5 12
8360 30 31
8361 46 6
8362 65 37
8363 21 91
8364 80 22
8365 15 71
8366 0 96
8367 100 86
8368 91 97
8369 45 97
8370 37 7
8371 22 90
8372 51 27
8373 27 44
8374 15 63
8375 34 78
8376 1 15
8377 69 27
8378 24 59
8379 48 40
8380 65 11
8381 54 94
8382 73 83
8383 89 17
8384 82 9
8385 96 62
8386 19 73
8387 14 22
8388 26 66
8389 98 21
8390 48 40
8391 49 48
8392 86 33
8393 80 41
8394 18 90
8395 82 76
8396 9 62
8397 60 58
8398 96 20
8399 8 67
8400 58 27
8401 97 42
8402 73 62
8403 21 37
8404 88 29
8405 25 44
8406 89 94
8407 33 29
8408 15 92
8409 23 95
8410 86 0
8411 46 36
8412 62 75
8413 2 69
8414 43 34
8415 6 31
8416 42 6
8417 99 60
8418 8 92
8419 74 6
8420 12 100
8421 95 15
8422 76 98
8423 99 40
8424 43 55
8425 63 10
8426 92 13
8427 83 24
8428 89 36
8429 90 39
8430 42 19
8431 87 40
8432 59 2
8433 39 61
8434 56 71
8435 34 39
8436 48 64
8437 62 70
8438 25 4
8439 63 94
8440 13 100
8441 78 70
8442 100 23
8443 53 60
8444 87 83
8445 45 14
8446 35 91
8447 49 55
8448 14 83
8449 4 50
8450 22 60
8451 20 27
8452 69 83
8453 55 56
8454 25 74
8455 59 23
8456 7 20
8457 71 68
8458 68 29
8459 58 17
8460 63 49
8461 68 51
8462 74 73
8463 13 4
8464 55 94
8465 48 100
8466 18 4
8467 9 41
8468 5 20
8469 26 21
8470 67 58
8471 98 87
8472 92 71
8473 67 87
8474 91 46
8475 41 34
8476 82 6
8477 39 47
8478 86 23
8479 32 5
8480 4 65
8481 14 14
8482 86 28
8483 11 0
8484 20 13
8485 93 75
8486 26 65
8487 45 45
8488 93 8
8489 21 58
8490 12 85
8491 23 10
8492 56 14
8493 74 27
8494 33 65
8495 42 30
8496 0 53
8497 58 64
8498 9 44
8499 92 47
8500 79 91
8501 56 71
8502 92 51
8503 96 23
8504 69 27
8505 89 62
8506 58 17
8507 82 3
8508 51 46
8509 65 3
8510 75 86
8511 17 11
8512 77 32
8513 40 64
8514 54 98
8515 90 58
8516 59 3
8517 56 44
8518 53 43
8519 42 64
8520 32 2
8521 45 74
8522 6 3
8523 2 6
8524 91 74
8525 97 8
8526 11 89
8527 71 70
8528 76 29
8529 34 26
8530 86 52
8531 19 62
8532 95 82
8533 75 21
8534 54 89
8535 73 29
8536 1 68
8537 42 4
8538 74 64
8539 63 7
8540 43 52
8541 39 5
8542 10 95
8543 25 35
8544 14 15
8545 87 37
8546 71 10
8547 97 98
8548 24 27
8549 42 5
8550 45 11
8551 61 69
8552 33 68
8553 14 30
8554 59 74
8555 77 15
8556 73 75
8557 89 51
8558 92 1
8559 12 61
8560 6 94
8561 5 66
8562 32 66
8563 64 62
8564 25 26
8565 9 75
8566 65 17
8567 75 80
8568 30 83
8569 50 43
8570 17 92
8571 72 15
8572 56 2
8573 9 57
8574 94 1
8575 59 11
8576 28 36
8577 0 25
8578 90 52
8579 74 50
8580 85 45
8581 97 67
8582 50 90
8583 74 31
8584 97 1
8585 77 81
8586 80 5
8587 75 33
8588 30 84
8589 23 86
8590 12 88
8591 79 57
8592 34 10
8593 36 96
8594 92 2
8595 13 87
8596 69 59
8597 89 45
8598 41 83
8599 44 88
8600 22 29
8601 89 100
8602 27 32
8603 36 16
8604 63 35
8605 35 47
8606 86 30
8607 79 91
8608 78 0
8609 69 82
8610 18 17
8611 37 86
8612 31 8
8613 13 17
8614 90 84
8615 19 27
8616 97 42
8617 70 88
8618 58 7
8619 85 2
8620 1 42
8621 53 38
8622 42 24
8623 82 63
8624 69 13
8625 34 31
8626 58 35
8627 39 15
8628 67 45
8629 35 98
8630 44 46
8631 61 12
8632 35 43
8633 87 34
8634 3 85
8635 87 58
8636 10 84
8637 63 3
8638 90 73
8639 69 65
8640 22 83
8641 91 51
8642 72 73
8643 32 89
8644 54 45
8645 28 13
8646 6 38
8647 13 17
8648 88 20
8649 57 82
8650 43 49
8651 14 6
8652 21 49
8653 82 85
8654 38 24
8655 96 63
8656 62 87
8657 30 51
8658 40 84
8659 6 80
8660 25 16
8661 26 62
8662 32 17
8663 91 5
8664 84 63
8665 40 65
8666 52 14
8667 64 14
8668 21 22
8669 53 57
8670 78 94
8671 85 48
8672 88 2
8673 23 46
8674 62 72
8675 83 90
8676 9 17
8677 85 4
8678 94 74
8679 25 47
8680 71 57
8681 24 28
8682 59 43
8683 50 15
8684 33 70
8685 97 22
8686 65 91
8687 73 47
8688 95 54
8689 41 63
8690 66 48
8691 78 4
8692 51 59
8693 5 54
8694 93 47
8695 28 67
8696 21 62
8697 7 9
8698 58 70
8699 24 28
8700 21 29
8701 95 33
8702 52 35
8703 92 41
8704 30 8
8705 8 70
8706 56 5
8707 63 11
8708 11 16
8709 60 51
8710 51 6
8711 68 81
8712 16 33
8713 24 81
8714 100 52
8715 20 3
8716 45 75
8717 40 8
8718 70 63
8719 95 44
8720 88 59
8721 58 30
8722 35 12
8723 66 1
8724 70 29
8725 43 16
8726 80 55
8727 91 67
8728 94 14
8729 73 27
8730 47 98
8731 51 39
8732 36 16
8733 91 34
8734 39 100
8735 36 7
8736 76 75
8737 85 68
8738 6 20
8739 23 47
8740 78 52
8741 40 31
8742 71 89
8743 36 42
8744 59 19
8745 60 48
8746 18 85
8747 90 87
8748 78 92
8749 64 41
8750 16 0
8751 16 69
8752 44 65
8753 96 43
8754 79 24
8755 25 19
8756 45 65
8757 64 4
8758 75 39
8759 44 26
8760 85 13
8761 64 88
8762 58 47
8763 59 67
8764 37 12
8765 40 44
8766 12 10
8767 42 45
8768 3 6
8769 1 82
8770 73 67
8771 28 28
8772 8 89
8773 57 64
8774 71 86
8775 46 16
8776 47 25
8777 87 39
8778 34 9
8779 7 43
8780 48 3
8781 23 56
8782 89 98
8783 79 19
8784 81 56
8785 18 66
8786 80 16
8787 18 59
8788 34 61
8789 85 7
8790 28 47
8791 78 98
8792 60 37
8793 19 49
8794 12 59
8795 75 54
8796 44 24
8797 74 27
8798 31 59
8799 91 49
8800 97 51
8801 59 72
8802 87 60
8803 100 18
8804 86 89
8805 9 16
8806 91 69
8807 33 26
8808 78 70
8809 81 81
8810 44 30
8811 19 38
8812 12 70
8813 62 34
8814 12 74
8815 57 72
8816 39 21
8817 84 62
8818 97 91
8819 18 35
8820 25 1
8821 26 68
8822 26 96
8823 55 2
8824 14 19
8825 79 87
8826 71 27
8827 69 75
8828 28 75
8829 55 70
8830 73 47
8831 40 76
8832 92 88
8833 32 20
8834 16 95
8835 33 16
8836 3 14
8837 93 63
8838 80 62
8839 51 56
8840 62 76
8841 2 84
8842 38 31
8843 3 9
8844 99 79
8845 57 30
8846 91 35
8847 92 43
8848 27 73
8849 45 26
8850 6 54
8851 12 87
8852 97 88
8853 47 29
8854 20 20
8855 13 49
8856 22 100
8857 44 49
8858 25 78
8859 68 52
8860 80 34
8861 92 19
8862 36 12
8863 83 44
8864 73 0
8865 84 50
8866 61 52
8867 2 56
8868 1 67
8869 90 40
8870 99 34
8871 46 38
8872 38 62
8873 83 69
8874 52 50
8875 28 26
8876 52 82
8877 18 45
8878 64 99
8879 64 97
8880 42 80
8881 81 13
8882 65 27
8883 43 93
8884 6 94
8885 69 8
8886 76 75
8887 32 39
8888 41 98
8889 80 34
8890 81 51
8891 94 25
8892 85 24
8893 70 26
8894 91 41
8895 33 3
8896 71 61
8897 97 63
8898 0 73
8899 19 91
8900 1 32
8901 69 46
8902 24 70
8903 82 38
8904 17 86
8905 47 66
8906 69 81
8907 73 5
8908 79 87
8909 73 42
8910 6 43
8911 17 35
8912 90 78
8913 8 18
8914 81 63
8915 16 85
8916 9 0
8917 1 27
8918 91 75
8919 47 17
8920 66 55
8921 79 22
8922 44 90
8923 82 62
8924 58 97
8925 92 41
8926 36 66
8927 12 50
8928 85 84
8929 9 10
8930 4 0
8931 87 86
8932 36 2
8933 50 52
8934 30 79
8935 65 39
8936 28 45
8937 65 25
8938 13 45
8939 95 73
8940 35 66
8941 63 19
8942 3 3
8943 8 16
8944 25 6
8945 39 57
8946 83 80
8947 22 60
8948 75 10
8949 67 33
8950 5 38
8951 14 76
8952 7 41
8953 4 36
8954 13 40
8955 95 42
8956 37 90
8957 82 89
8958 12 20
8959 86 15
8960 66 75
8961 0 27
8962 55 77
8963 48 48
8964 4 49
8965 31 5
8966 5 95
8967 83 18
8968 9 89
8969 53 97
8970 64 49
8971 95 53
8972 15 6
8973 9 75
8974 97 52
8975 38 11
8976 17 54
8977 59 30
8978 66 91
8979 72 13
8980 7 26
8981 99 3
8982 94 24
8983 96 21
8984 97 15
8985 69 84
8986 43 15
8987 11 98
8988 20 51
8989 63 94
8990 93 42
8991 49 12
8992 25 68
8993 78 99
8994 69 34
8995 39 57
8996 21 92
8997 94 28
8998 99 44
8999 80 68
9000 48 15