1 74 84
2 47 59
3 64 30
4 35 60
5 50 63
6 58 83
7 100 73
8 91 29
9 36 87
10 100 11
11 80 69
12 94 87
13 11 47
14 73 67
15 50 99
16 88 48
17 73 63
18 7 29
19 86 14
20 27 96
21 23 92
22 26 17
23 4 96
24 67 6
25 48 58
26 93 37
27 71 97
28 60 69
29 26 56
30 94 51
31 76 20
32 47 81
33 88 57
34 93 63
35 47 62
36 68 18
37 48 25
38 42 42
39 33 44
40 31 33
41 82 86
42 0 20
43 8 43
44 36 99
45 59 45
46 45 71
47 90 28
48 79 26
49 58 8
50 14 95
51 41 60
52 76 66
53 66 66
54 14 48
55 73 52
56 27 68
57 82 18
58 73 61
59 29 90
60 74 45
61 61 95
62 42 95
63 44 96
64 66 20
65 5 32
66 36 64
67 43 14
68 3 34
69 69 81
70 48 26
71 18 33
72 70 19
73 31 73
74 76 29
75 12 37
76 75 59
77 66 90
78 23 38
79 36 24
80 41 14
81 9 39
82 39 45
83 84 20
84 40 68
85 64 21
86 15 13
87 30 5
88 65 86
89 74 45
90 27 5
91 62 4
92 99 98
93 5 16
94 83 51
95 15 89
96 90 64
97 86 6
98 93 21
99 27 20
100 4 2
101 12 31
102 7 28
103 27 39
104 97 5
105 54 76
106 46 48
107 84 31
108 97 100
109 63 97
110 58 94
111 80 48
112 65 33
113 4 88
114 36 23
115 91 43
116 69 77
117 92 66
118 66 70
119 76 58
120 99 47
121 79 27
122 58 21
123 39 18
124 16 53
125 60 92
126 79 56
127 40 83
128 29 81
129 53 21
130 64 14
131 27 16
132 50 86
133 28 40
134 79 60
135 39 63
136 55 98
137 91 93
138 37 27
139 57 51
140 56 29
141 48 77
142 22 73
143 70 60
144 6 17
145 75 21
146 22 92
147 60 58
148 41 52
149 77 91
150 85 84
151 29 98
152 30 99
153 5 12
154 96 63
155 47 43
156 72 34
157 46 90
158 5 29
159 3 56
160 20 31
161 94 23
162 1 52
163 53 72
164 43 86
165 7 83
166 40 38
167 10 85
168 96 98
169 42 80
170 47 51
171 34 53
172 78 69
173 58 25
174 94 80
175 61 94
176 1 27
177 42 56
178 76 30
179 97 95
180 13 27
181 14 70
182 85 100
183 11 84
184 11 87
185 93 41
186 70 17
187 91 90
188 11 36
189 11 56
190 59 96
191 77 42
192 31 75
193 100 67
194 74 79
195 21 6
196 37 46
197 89 11
198 7 65
199 23 2
200 86 25
201 80 5
202 95 99
203 95 45
204 13 34
205 76 70
206 57 52
207 91 84
208 41 19
209 93 48
210 21 2
211 23 97
212 33 29
213 62 1
214 5 73
215 12 4
216 77 4
217 46 0
218 43 48
219 85 68
220 40 40
221 63 39
222 95 41
223 30 63
224 5 69
225 82 65
226 75 17
227 22 100
228 26 0
229 56 87
230 93 87
231 60 46
232 76 1
233 15 89
234 31 61
235 67 74
236 99 56
237 7 74
238 3 40
239 72 78
240 76 21
241 59 79
242 52 25
243 27 0
244 41 72
245 22 37
246 87 75
247 65 52
248 57 37
249 26 18
250 26 81
251 30 36
252 26 35
253 33 46
254 2 43
255 74 60
256 49 35
257 22 91
258 8 28
259 59 86
260 70 65
261 76 55
262 75 79
263 23 16
264 71 45
265 50 35
266 37 69
267 21 63
268 64 3
269 86 22
270 17 9
271 27 12
272 28 57
273 50 71
274 76 45
275 70 23
276 85 14
277 41 56
278 79 6
279 13 87
280 95 92
281 10 84
282 1 64
283 80 55
284 44 51
285 75 15
286 67 55
287 29 90
288 88 36
289 72 49
290 85 71
291 34 1
292 79 61
293 53 61
294 56 53
295 59 9
296 49 2
297 16 63
298 94 38
299 76 74
300 90 82
301 2 37
302 98 10
303 93 42
304 100 88
305 66 23
306 3 64
307 8 26
308 3 33
309 79 87
310 27 60
311 8 73
312 0 31
313 4 40
314 41 91
315 12 20
316 12 56
317 83 88
318 13 5
319 15 8
320 22 73
321 24 11
322 60 51
323 12 86
324 64 100
325 82 1
326 24 98
327 7 27
328 55 21
329 92 73
330 58 69
331 50 6
332 89 59
333 20 46
334 58 24
335 93 2
336 32 8
337 69 90
338 37 13
339 80 29
340 9 35
341 54 23
342 16 14
343 2 35
344 75 4
345 94 54
346 31 41
347 71 43
348 77 95
349 36 41
350 89 59
351 11 47
352 37 72
353 2 28
354 59 14
355 99 0
356 59 98
357 10 4
358 54 61
359 91 23
360 32 64
361 43 88
362 35 61
363 70 23
364 55 77
365 49 38
366 62 73
367 68 8
368 5 53
369 68 71
370 48 77
371 55 7
372 73 96
373 91 85
374 83 24
375 22 75
376 99 37
377 20 31
378 30 22
379 45 78
380 95 58
381 99 92
382 4 12
383 11 66
384 49 92
385 15 38
386 6 32
387 43 24
388 50 29
389 90 31
390 54 54
391 97 59
392 5 76
393 94 25
394 5 86
395 36 54
396 37 97
397 54 18
398 95 73
399 52 28
400 86 6
401 13 68
402 46 9
403 47 31
404 34 51
405 2 87
406 0 83
407 66 51
408 98 47
409 53 17
410 96 28
411 46 22
412 93 52
413 32 5
414 9 14
415 36 86
416 48 53
417 76 18
418 29 15
419 13 28
420 41 30
421 100 24
422 23 32
423 67 34
424 23 3
425 100 12
426 70 35
427 2 53
428 47 2
429 83 46
430 100 25
431 31 54
432 100 69
433 35 57
434 46 46
435 26 77
436 92 55
437 36 77
438 46 38
439 100 45
440 23 73
441 37 1
442 1 53
443 18 62
444 65 45
445 10 6
446 81 31
447 55 76
448 81 44
449 61 41
450 7 53
451 47 92
452 92 88
453 52 1
454 29 21
455 10 3
456 81 1
457 52 7
458 22 58
459 49 50
460 94 95
461 52 90
462 4 34
463 70 62
464 55 36
465 45 91
466 87 22
467 61 56
468 83 7
469 42 55
470 76 15
471 3 92
472 89 82
473 97 3
474 27 83
475 8 24
476 21 42
477 65 21
478 38 67
479 79 78
480 88 90
481 54 85
482 61 86
483 38 50
484 89 20
485 16 29
486 76 11
487 82 8
488 93 55
489 27 77
490 18 0
491 4 9
492 74 40
493 55 58
494 39 13
495 20 57
496 39 70
497 100 86
498 45 92
499 42 48
500 90 3
501 64 93
502 13 11
503 99 60
504 27 76
505 83 74
506 98 82
507 25 11
508 99 73
509 3 52
510 11 30
511 73 72
512 86 85
513 49 21
514 8 59
515 3 10
516 23 32
517 58 12
518 52 22
519 76 22
520 67 12
521 78 94
522 56 11
523 36 39
524 28 75
525 70 19
526 30 76
527 55 30
528 15 56
529 99 92
530 55 38
531 36 12
532 93 60
533 46 50
534 71 81
535 85 51
536 70 48
537 12 100
538 94 73
539 94 20
540 89 35
541 8 57
542 88 36
543 55 42
544 6 97
545 62 69
546 61 16
547 62 62
548 76 100
549 41 22
550 46 20
551 20 44
552 20 13
553 96 8
554 57 33
555 2 72
556 55 71
557 6 51
558 19 57
559 67 33
560 100 52
561 82 91
562 14 95
563 91 89
564 84 92
565 74 95
566 62 51
567 94 96
568 0 78
569 87 17
570 49 73
571 22 31
572 76 43
573 66 76
574 80 11
575 24 20
576 58 99
577 39 3
578 46 81
579 86 93
580 57 53
581 99 65
582 98 100
583 11 8
584 90 25
585 62 26
586 30 75
587 9 31
588 53 66
589 39 57
590 42 47
591 60 70
592 65 25
593 59 89
594 59 95
595 22 86
596 54 60
597 53 81
598 70 65
599 82 30
600 24 90
601 28 86
602 19 82
603 41 19
604 84 46
605 14 0
606 17 100
607 26 27
608 97 53
609 25 27
610 16 41
611 19 41
612 17 66
613 91 90
614 64 2
615 97 62
616 95 77
617 49 77
618 11 6
619 70 69
620 53 16
621 1 69
622 71 22
623 67 74
624 58 57
625 88 85
626 21 73
627 7 56
628 52 26
629 10 75
630 89 73
631 49 65
632 5 43
633 37 51
634 11 17
635 92 66
636 12 7
637 60 44
638 21 13
639 89 10
640 10 80
641 98 64
642 11 58
643 10 46
644 83 35
645 87 7
646 20 42
647 69 25
648 89 23
649 97 1
650 17 51
651 56 62
652 22 17
653 93 24
654 37 20
655 79 100
656 12 58
657 94 100
658 50 46
659 48 53
660 67 42
661 53 71
662 28 12
663 93 40
664 20 85
665 93 2
666 16 91
667 2 19
668 60 34
669 84 56
670 31 10
671 95 49
672 53 83
673 65 56
674 5 16
675 49 95
676 78 50
677 10 92
678 68 33
679 15 67
680 72 22
681 85 88
682 54 0
683 1 68
684 58 25
685 78 26
686 1 95
687 63 54
688 85 40
689 27 65
690 56 6
691 10 78
692 69 26
693 34 53
694 87 4
695 99 88
696 62 9
697 16 88
698 51 72
699 44 56
700 50 23
701 46 73
702 41 23
703 27 57
704 77 29
705 9 81
706 68 70
707 59 71
708 63 43
709 71 96
710 60 62
711 53 52
712 57 58
713 51 6
714 46 60
715 37 80
716 44 64
717 7 47
718 8 73
719 57 29
720 77 51
721 8 84
722 19 68
723 50 50
724 15 21
725 21 81
726 70 21
727 66 94
728 50 35
729 88 34
730 43 93
731 4 8
732 63 67
733 36 17
734 47 99
735 44 83
736 66 45
737 40 37
738 73 59
739 83 5
740 22 99
741 18 51
742 78 48
743 16 6
744 68 13
745 97 60
746 70 86
747 56 48
748 11 23
749 20 77
750 29 98
751 24 90
752 66 18
753 50 43
754 9 52
755 94 51
756 17 61
757 9 85
758 98 72
759 39 76
760 8 8
761 58 5
762 81 36
763 0 24
764 97 10
765 86 78
766 68 37
767 78 26
768 98 30
769 54 39
770 88 76
771 15 73
772 40 7
773 19 64
774 34 37
775 32 74
776 53 9
777 9 86
778 81 16
779 80 7
780 66 4
781 65 9
782 60 65
783 80 64
784 0 92
785 88 61
786 60 76
787 75 38
788 17 19
789 18 10
790 66 94
791 73 10
792 55 59
793 19 44
794 30 69
795 90 61
796 90 68
797 13 75
798 61 95
799 13 61
800 10 33
801 49 49
802 8 99
803 0 25
804 96 83
805 57 23
806 51 96
807 64 64
808 87 61
809 57 92
810 85 72
811 1 83
812 3 2
813 11 19
814 90 73
815 63 72
816 87 22
817 61 58
818 77 73
819 72 74
820 85 29
821 76 55
822 48 71
823 53 43
824 47 99
825 72 3
826 14 12
827 95 38
828 12 17
829 91 23
830 26 96
831 80 58
832 32 100
833 89 99
834 97 49
835 61 16
836 50 68
837 26 19
838 95 47
839 12 64
840 91 25
841 47 95
842 64 75
843 11 60
844 33 15
845 23 5
846 98 7
847 77 72
848 85 5
849 68 13
850 31 31
851 19 52
852 56 74
853 83 92
854 89 88
855 99 19
856 28 9
857 14 71
858 51 67
859 34 66
860 64 84
861 63 84
862 82 39
863 40 92
864 9 24
865 81 11
866 4 28
867 41 99
868 19 46
869 93 5
870 1 14
871 27 55
872 87 58
873 89 73
874 71 61
875 5 57
876 55 43
877 31 79
878 94 65
879 81 53
880 68 44
881 63 13
882 8 6
883 16 58
884 3 22
885 14 76
886 95 49
887 42 70
888 3 86
889 69 30
890 2 94
891 28 49
892 48 0
893 95 80
894 60 34
895 3 14
896 37 67
897 97 5
898 60 7
899 21 75
900 75 88
901 56 55
902 64 47
903 98 15
904 42 27
905 60 48
906 15 54
907 63 95
908 59 68
909 11 32
910 91 87
911 95 63
912 98 30
913 93 35
914 44 65
915 80 88
916 39 34
917 7 38
918 13 4
919 18 68
920 26 70
921 91 92
922 27 58
923 80 71
924 99 5
925 38 68
926 96 100
927 45 32
928 58 46
929 96 62
930 8 69
931 50 72
932 8 95
933 0 8
934 44 91
935 82 63
936 23 26
937 83 10
938 65 20
939 4 15
940 33 14
941 34 43
942 58 52
943 100 32
944 23 98
945 73 54
946 83 43
947 27 75
948 86 63
949 75 87
950 32 69
951 31 80
952 60 87
953 94 29
954 0 66
955 15 1
956 78 84
957 27 10
958 80 80
959 23 98
960 7 52
961 95 47
962 95 75
963 77 97
964 88 87
965 99 41
966 16 50
967 66 0
968 1 95
969 31 48
970 55 77
971 0 55
972 28 73
973 88 70
974 27 13
975 29 58
976 1 35
977 99 31
978 57 67
979 99 40
980 26 27
981 43 4
982 11 61
983 54 85
984 27 36
985 83 35
986 19 52
987 53 47
988 6 85
989 21 2
990 59 80
991 42 14
992 78 45
993 45 15
994 49 37
995 14 73
996 5 93
997 61 83
998 15 82
999 70 6
1000 79 17
1001 74 71
1002 98 39
1003 96 59
1004 67 45
1005 96 38
1006 61 6
1007 13 51
1008 84 29
1009 22 65
1010 7 16
1011 56 26
1012 6 67
1013 27 99
1014 51 49
1015 27 70
1016 20 34
1017 78 79
1018 22 71
1019 70 23
1020 2 50
1021 9 19
1022 67 51
1023 36 69
1024 9 98
1025 63 57
1026 70 48
1027 2 33
1028 35 55
1029 100 81
1030 68 58
1031 5 28
1032 34 23
1033 0 98
1034 25 56
1035 18 26
1036 99 47
1037 79 48
1038 69 9
1039 64 86
1040 36 12
1041 12 39
1042 5 52
1043 93 61
1044 88 33
1045 0 49
1046 63 74
1047 72 41
1048 26 79
1049 33 42
1050 76 58
1051 14 57
1052 45 41
1053 86 21
1054 60 22
1055 56 30
1056 77 66
1057 44 10
1058 44 1
1059 21 69
1060 70 80
1061 73 45
1062 49 69
1063 77 9
1064 10 63
1065 5 36
1066 46 51
1067 34 47
1068 26 77
1069 34 43
1070 85 41
1071 11 40
1072 86 84
1073 66 82
1074 5 66
1075 71 41
1076 56 7
1077 69 74
1078 41 31
1079 69 36
1080 59 59
1081 46 27
1082 63 78
1083 59 53
1084 78 76
1085 65 49
1086 56 21
1087 40 92
1088 97 68
1089 61 53
1090 85 98
1091 98 28
1092 40 33
1093 76 75
1094 49 50
1095 100 29
1096 67 8
1097 82 43
1098 48 20
1099 63 17
1100 18 24
1101 87 3
1102 34 54
1103 8 0
1104 64 34
1105 77 21
1106 49 72
1107 73 7
1108 33 92
1109 47 70
1110 3 60
1111 24 30
1112 29 72
1113 95 22
1114 42 16
1115 31 69
1116 72 87
1117 69 14
1118 73 37
1119 32 30
1120 41 56
1121 89 15
1122 90 33
1123 88 23
1124 74 70
1125 16 70
1126 25 87
1127 58 42
1128 90 61
1129 57 61
1130 100 80
1131 53 44
1132 81 77
1133 58 71
1134 38 85
1135 85 40
1136 33 28
1137 14 21
1138 50 97
1139 82 43
1140 39 11
1141 90 10
1142 34 3
1143 51 16
1144 17 47
1145 58 71
1146 83 73
1147 63 56
1148 34 49
1149 100 41
1150 6 95
1151 14 63
1152 29 21
1153 71 46
1154 0 71
1155 81 9
1156 71 18
1157 73 89
1158 25 27
1159 40 91
1160 55 16
1161 64 31
1162 78 48
1163 54 100
1164 25 65
1165 65 28
1166 29 66
1167 6 84
1168 73 3
1169 2 20
1170 98 33
1171 46 84
1172 27 12
1173 5 87
1174 88 28
1175 38 31
1176 1 62
1177 63 90
1178 73 44
1179 40 1
1180 33 62
1181 37 96
1182 26 84
1183 44 99
1184 53 84
1185 90 11
1186 68 65
1187 41 9
1188 31 64
1189 41 22
1190 98 34
1191 82 68
1192 8 60
1193 46 42
1194 19 43
1195 79 10
1196 60 11
1197 25 1
1198 71 22
1199 76 73
1200 58 58
1201 81 55
1202 4 35
1203 5 54
1204 99 90
1205 49 87
1206 68 99
1207 31 51
1208 47 73
1209 1 87
1210 24 71
1211 17 19
1212 65 14
1213 56 0
1214 56 40
1215 14 26
1216 48 12
1217 100 88
1218 55 96
1219 23 7
1220 49 51
1221 34 83
1222 71 66
1223 26 82
1224 11 9
1225 78 38
1226 55 3
1227 28 54
1228 66 40
1229 23 88
1230 70 40
1231 71 3
1232 90 51
1233 54 6
1234 80 39
1235 96 95
1236 3 96
1237 76 0
1238 15 48
1239 18 57
1240 95 24
1241 16 22
1242 15 47
1243 1 46
1244 90 26
1245 28 28
1246 71 72
1247 36 32
1248 91 74
1249 97 28
1250 78 43
1251 23 81
1252 2 0
1253 60 76
1254 21 70
1255 60 4
1256 36 18
1257 51 12
1258 36 81
1259 81 15
1260 22 78
1261 82 71
1262 60 10
1263 67 18
1264 82 55
1265 79 25
1266 56 42
1267 50 70
1268 72 11
1269 78 13
1270 75 4
1271 46 49
1272 28 9
1273 80 47
1274 2 46
1275 84 66
1276 62 100
1277 87 51
1278 44 7
1279 90 45
1280 69 69
1281 84 71
1282 91 70
1283 45 85
1284 43 11
1285 79 6
1286 7 25
1287 65 81
1288 33 31
1289 75 0
1290 21 84
1291 14 6
1292 13 70
1293 75 66
1294 28 86
1295 82 65
1296 95 77
1297 42 73
1298 3 48
1299 36 87
1300 6 75
1301 84 58
1302 17 25
1303 19 22
1304 55 52
1305 54 66
1306 31 43
1307 41 81
1308 74 49
1309 91 13
1310 27 45
1311 85 80
1312 50 13
1313 21 9
1314 18 42
1315 3 41
1316 48 58
1317 32 7
1318 53 11
1319 40 34
1320 74 59
1321 30 45
1322 60 78
1323 27 76
1324 68 3
1325 85 95
1326 42 20
1327 3 2
1328 57 70
1329 72 86
1330 57 72
1331 57 57
1332 52 51
1333 65 11
1334 94 30
1335 95 90
1336 41 90
1337 58 65
1338 86 53
1339 52 51
1340 50 77
1341 11 44
1342 90 69
1343 38 1
1344 80 55
1345 59 61
1346 80 17
1347 31 65
1348 55 43
1349 20 35
1350 33 73
1351 12 98
1352 13 9
1353 59 76
1354 25 85
1355 64 12
1356 95 83
1357 95 19
1358 8 22
1359 25 40
1360 6 37
1361 73 97
1362 49 76
1363 93 9
1364 52 41
1365 0 63
1366 16 75
1367 65 54
1368 70 68
1369 30 57
1370 65 19
1371 86 59
1372 83 40
1373 81 16
1374 4 83
1375 43 89
1376 63 76
1377 49 2
1378 51 100
1379 51 65
1380 36 19
1381 30 74
1382 37 63
1383 0 20
1384 83 27
1385 11 74
1386 17 83
1387 63 89
1388 20 55
1389 3 28
1390 93 80
1391 27 10
1392 56 71
1393 21 58
1394 27 10
1395 87 41
1396 82 75
1397 87 42
1398 36 66
1399 25 13
1400 5 89
1401 52 2
1402 62 16
1403 1 56
1404 78 2
1405 86 52
1406 88 85
1407 64 3
1408 25 40
1409 3 94
1410 69 67
1411 70 41
1412 27 18
1413 85 69
1414 88 10
1415 99 19
1416 42 78
1417 49 53
1418 37 34
1419 9 23
1420 49 16
1421 15 2
1422 73 90
1423 57 46
1424 41 42
1425 69 97
1426 85 95
1427 100 4
1428 63 51
1429 27 95
1430 53 18
1431 98 95
1432 92 100
1433 72 42
1434 56 10
1435 12 16
1436 21 5
1437 22 20
1438 91 39
1439 58 88
1440 35 82
1441 62 75
1442 31 78
1443 57 61
1444 31 71
1445 82 89
1446 5 63
1447 43 9
1448 77 28
1449 7 6
1450 77 39
1451 42 96
1452 62 85
1453 58 84
1454 49 79
1455 43 38
1456 77 48
1457 5 74
1458 78 12
1459 67 29
1460 34 52
1461 11 76
1462 50 56
1463 83 23
1464 97 33
1465 8 53
1466 3 36
1467 18 33
1468 92 37
1469 63 84
1470 95 0
1471 19 73
1472 51 99
1473 4 12
1474 89 23
1475 23 60
1476 5 64
1477 49 84
1478 25 75
1479 42 78
1480 88 6
1481 80 7
1482 39 0
1483 78 31
1484 34 68
1485 54 76
1486 11 12
1487 92 50
1488 64 92
1489 55 70
1490 4 33
1491 19 14
1492 58 28
1493 92 39
1494 43 76
1495 46 66
1496 28 30
1497 36 52
1498 27 1
1499 26 36
1500 20 2
1501 11 95
1502 96 47
1503 70 90
1504 5 96
1505 44 75
1506 32 6
1507 60 40
1508 57 46
1509 77 83
1510 32 99
1511 57 79
1512 59 75
1513 29 84
1514 41 34
1515 47 89
1516 1 51
1517 95 56
1518 10 87
1519 54 46
1520 10 5
1521 16 3
1522 94 22
1523 59 41
1524 30 56
1525 94 24
1526 13 74
1527 29 51
1528 81 82
1529 78 98
1530 8 81
1531 43 46
1532 7 65
1533 42 95
1534 42 39
1535 77 51
1536 80 45
1537 92 22
1538 48 99
1539 36 19
1540 65 91
1541 98 79
1542 2 0
1543 65 22
1544 89 32
1545 36 31
1546 52 89
1547 86 68
1548 83 91
1549 83 12
1550 90 73
1551 17 50
1552 21 84
1553 90 89
1554 42 22
1555 13 77
1556 98 11
1557 61 49
1558 75 54
1559 24 83
1560 69 56
1561 29 30
1562 84 67
1563 3 95
1564 10 16
1565 94 84
1566 5 10
1567 98 17
1568 97 100
1569 2 80
1570 69 2
1571 40 93
1572 12 12
1573 7 37
1574 28 30
1575 31 40
1576 83 33
1577 74 0
1578 25 99
1579 90 1
1580 33 48
1581 28 87
1582 28 53
1583 37 16
1584 23 33
1585 75 41
1586 76 45
1587 37 49
1588 21 34
1589 59 96
1590 94 42
1591 9 31
1592 34 23
1593 46 20
1594 5 94
1595 37 22
1596 68 85
1597 88 55
1598 29 34
1599 64 70
1600 65 41
1601 69 14
1602 15 71
1603 48 18
1604 58 9
1605 70 77
1606 51 59
1607 91 70
1608 47 84
1609 76 34
1610 87 9
1611 43 8
1612 25 21
1613 86 3
1614 91 72
1615 49 66
1616 47 78
1617 95 61
1618 70 11
1619 93 73
1620 11 41
1621 25 15
1622 73 18
1623 57 60
1624 55 62
1625 16 76
1626 84 25
1627 83 80
1628 12 53
1629 54 96
1630 22 13
1631 37 61
1632 7 58
1633 62 90
1634 98 96
1635 32 27
1636 90 28
1637 27 28
1638 17 15
1639 5 62
1640 70 1
1641 59 34
1642 96 71
1643 28 8
1644 99 74
1645 79 32
1646 56 100
1647 27 38
1648 5 57
1649 69 23
1650 16 67
1651 48 33
1652 44 81
1653 99 61
1654 28 4
1655 41 38
1656 90 35
1657 10 52
1658 98 75
1659 47 59
1660 17 21
1661 8 66
1662 75 56
1663 12 71
1664 55 88
1665 98 62
1666 43 15
1667 74 44
1668 20 89
1669 55 46
1670 74 3
1671 1 24
1672 26 6
1673 48 43
1674 28 75
1675 65 0
1676 67 21
1677 12 20
1678 49 59
1679 44 57
1680 79 88
1681 93 28
1682 44 1
1683 95 63
1684 51 51
1685 55 100
1686 2 16
1687 58 51
1688 4 21
1689 34 11
1690 47 58
1691 3 54
1692 31 58
1693 21 60
1694 43 100
1695 15 41
1696 25 63
1697 38 93
1698 14 25
1699 34 89
1700 34 80
1701 6 25
1702 24 87
1703 2 10
1704 4 13
1705 73 5
1706 71 60
1707 7 2
1708 53 29
1709 16 97
1710 43 54
1711 17 7
1712 21 32
1713 70 3
1714 95 79
1715 56 83
1716 19 89
1717 68 51
1718 81 22
1719 22 47
1720 67 7
1721 38 66
1722 6 28
1723 44 91
1724 11 61
1725 9 66
1726 3 1
1727 84 45
1728 63 2
1729 100 20
1730 7 77
1731 71 65
1732 89 23
1733 4 72
1734 73 98
1735 9 85
1736 2 94
1737 33 57
1738 69 22
1739 92 45
1740 59 23
1741 31 12
1742 16 67
1743 0 58
1744 85 19
1745 25 59
1746 57 71
1747 18 82
1748 48 98
1749 8 5
1750 71 43
1751 47 51
1752 84 7
1753 59 55
1754 80 4
1755 19 77
1756 82 52
1757 64 29
1758 38 2
1759 32 91
1760 50 85
1761 74 68
1762 24 55
1763 96 100
1764 83 83
1765 87 49
1766 96 21
1767 16 57
1768 25 97
1769 79 13
1770 83 81
1771 50 73
1772 11 95
1773 19 56
1774 77 93
1775 17 0
1776 49 44
1777 1 36
1778 2 19
1779 100 50
1780 83 65
1781 98 37
1782 23 42
1783 85 58
1784 74 63
1785 98 35
1786 14 51
1787 5 69
1788 42 14
1789 54 76
1790 65 22
1791 85 53
1792 92 1
1793 45 8
1794 88 34
1795 12 47
1796 55 100
1797 11 98
1798 76 43
1799 82 8
1800 32 31
1801 13 53
1802 88 94
1803 56 48
1804 1 67
1805 55 64
1806 51 12
1807 49 47
1808 19 70
1809 89 83
1810 13 48
1811 44 85
1812 39 52
1813 16 4
1814 57 12
1815 5 44
1816 21 4
1817 53 88
1818 64 94
1819 51 92
1820 11 7
1821 46 65
1822 12 86
1823 37 66
1824 15 50
1825 73 90
1826 65 38
1827 32 34
1828 31 58
1829 18 2
1830 67 85
1831 97 45
1832 33 9
1833 19 7
1834 58 18
1835 36 93
1836 94 43
1837 68 44
1838 8 47
1839 54 41
1840 88 49
1841 50 62
1842 34 2
1843 69 53
1844 21 56
1845 17 69
1846 4 59
1847 12 82
1848 67 51
1849 33 46
1850 39 49
1851 66 51
1852 2 79
1853 66 32
1854 57 59
1855 8 1
1856 10 91
1857 98 97
1858 38 46
1859 94 78
1860 87 74
1861 51 61
1862 24 2
1863 35 20
1864 63 8
1865 91 32
1866 14 10
1867 56 25
1868 7 17
1869 90 90
1870 67 40
1871 33 64
1872 47 20
1873 31 24
1874 84 43
1875 45 23
1876 37 24
1877 41 82
1878 72 77
1879 53 12
1880 50 42
1881 79 4
1882 83 99
1883 89 7
1884 38 88
1885 9 48
1886 38 97
1887 48 41
1888 91 17
1889 76 84
1890 55 55
1891 98 6
1892 26 61
1893 29 25
1894 100 53
1895 62 89
1896 1 33
1897 31 67
1898 80 58
1899 68 13
1900 34 83
1901 14 22
1902 49 12
1903 50 21
1904 96 92
1905 29 72
1906 82 46
1907 64 32
1908 68 94
1909 56 99
1910 18 24
1911 29 59
1912 35 92
1913 9 92
1914 72 23
1915 47 51
1916 76 16
1917 8 90
1918 9 92
1919 25 54
1920 16 11
1921 78 43
1922 69 55
1923 1 90
1924 11 20
1925 0 48
1926 91 64
1927 51 87
1928 96 13
1929 75 66
1930 51 42
1931 15 56
1932 30 52
1933 85 34
1934 74 7
1935 72 71
1936 42 95
1937 11 86
1938 28 35
1939 38 42
1940 89 39
1941 41 25
1942 95 34
1943 26 26
1944 73 56
1945 17 33
1946 93 44
1947 25 73
1948 87 24
1949 88 15
1950 40 89
1951 89 85
1952 13 29
1953 88 85
1954 89 20
1955 72 38
1956 61 4
1957 36 42
1958 0 24
1959 22 52
1960 18 75
1961 55 76
1962 65 94
1963 42 45
1964 95 85
1965 68 29
1966 100 51
1967 29 70
1968 8 65
1969 0 20
1970 47 3
1971 17 27
1972 25 37
1973 87 85
1974 2 63
1975 25 8
1976 84 27
1977 84 51
1978 79 100
1979 19 53
1980 33 17
1981 19 13
1982 8 13
1983 99 4
1984 66 31
1985 13 25
1986 64 36
1987 74 50
1988 5 92
1989 20 84
1990 65 33
1991 80 52
1992 81 65
1993 43 74
1994 21 27
1995 28 67
1996 51 32
1997 82 70
1998 83 30
1999 4 37
2000 22 90
2001 73 63
2002 7 87
2003 94 58
2004 79 22
2005 3 73
2006 46 99
2007 15 83
2008 1 39
2009 39 69
2010 43 11
2011 60 16
2012 56 90
2013 24 93
2014 27 48
2015 43 8
2016 76 43
2017 57 31
2018 90 54
2019 93 66
2020 49 79
2021 14 18
2022 98 25
2023 2 1
2024 27 42
2025 12 29
2026 29 59
2027 98 95
2028 30 68
2029 31 33
2030 38 10
2031 98 67
2032 90 58
2033 76 35
2034 50 30
2035 72 1
2036 81 4
2037 91 63
2038 92 25
2039 2 81
2040 86 97
2041 13 30
2042 26 98
2043 18 91
2044 28 13
2045 2 97
2046 32 61
2047 40 7
2048 87 49
2049 37 79
2050 91 63
2051 6 50
2052 40 19
2053 50 24
2054 8 2
2055 4 89
2056 3 14
2057 44 26
2058 90 31
2059 52 18
2060 39 7
2061 83 38
2062 64 3
2063 61 78
2064 84 20
2065 34 22
2066 50 42
2067 52 30
2068 41 62
2069 19 42
2070 34 84
2071 26 37
2072 0 52
2073 26 28
2074 56 47
2075 35 79
2076 91 24
2077 5 35
2078 68 43
2079 80 82
2080 40 49
2081 15 67
2082 21 98
2083 27 60
2084 47 53
2085 11 38
2086 42 89
2087 68 26
2088 22 13
2089 47 69
2090 99 15
2091 64 30
2092 63 35
2093 37 47
2094 23 7
2095 7 22
2096 34 71
2097 73 17
2098 91 42
2099 95 10
2100 71 26
2101 40 80
2102 22 41
2103 9 87
2104 64 89
2105 23 10
2106 23 70
2107 58 79
2108 41 95
2109 86 44
2110 57 3
2111 38 49
2112 20 4
2113 77 59
2114 56 76
2115 41 48
2116 34 46
2117 95 27
2118 39 75
2119 27 38
2120 90 75
2121 94 87
2122 87 48
2123 43 58
2124 37 31
2125 45 70
2126 68 93
2127 32 82
2128 41 99
2129 70 50
2130 72 1
2131 34 22
2132 16 82
2133 88 60
2134 94 10
2135 57 1
2136 30 93
2137 30 17
2138 83 97
2139 38 35
2140 77 2
2141 89 67
2142 76 49
2143 26 47
2144 77 5
2145 62 97
2146 85 36
2147 68 77
2148 43 6
2149 80 38
2150 69 26
2151 24 10
2152 66 1
2153 50 82
2154 15 51
2155 85 21
2156 34 44
2157 28 87
2158 59 26
2159 11 89
2160 0 32
2161 51 46
2162 87 94
2163 53 45
2164 85 66
2165 71 44
2166 32 96
2167 56 26
2168 2 58
2169 34 86
2170 17 94
2171 49 12
2172 21 61
2173 41 64
2174 12 21
2175 17 74
2176 46 82
2177 26 65
2178 73 57
2179 12 13
2180 62 41
2181 59 70
2182 15 7
2183 56 73
2184 74 58
2185 3 25
2186 59 73
2187 13 5
2188 33 20
2189 60 66
2190 66 91
2191 64 81
2192 54 66
2193 0 42
2194 16 78
2195 27 37
2196 34 54
2197 82 53
2198 85 87
2199 20 91
2200 27 8
2201 26 29
2202 62 29
2203 60 69
2204 43 17
2205 100 22
2206 80 94
2207 11 70
2208 56 69
2209 96 49
2210 37 8
2211 24 41
2212 86 100
2213 71 45
2214 84 35
2215 42 62
2216 38 32
2217 93 45
2218 41 30
2219 40 100
2220 85 77
2221 84 61
2222 53 84
2223 27 78
2224 21 71
2225 44 79
2226 58 43
2227 34 0
2228 44 47
2229 44 29
2230 11 68
2231 58 52
2232 0 3
2233 78 95
2234 29 36
2235 55 95
2236 39 14
2237 88 99
2238 41 33
2239 37 69
2240 72 2
2241 44 0
2242 94 73
2243 43 1
2244 90 100
2245 35 56
2246 62 94
2247 53 24
2248 0 55
2249 92 19
2250 35 19
2251 32 36
2252 27 46
2253 93 9
2254 15 57
2255 95 8
2256 92 37
2257 25 4
2258 92 55
2259 4 5
2260 86 19
2261 3 29
2262 21 76
2263 30 72
2264 76 51
2265 60 93
2266 80 62
2267 76 16
2268 100 9
2269 81 12
2270 16 73
2271 83 3
2272 21 43
2273 26 10
2274 60 17
2275 80 8
2276 28 45
2277 55 75
2278 0 12
2279 35 55
2280 98 72
2281 55 92
2282 99 14
2283 24 25
2284 53 2
2285 61 98
2286 15 42
2287 41 48
2288 60 42
2289 87 97
2290 39 42
2291 18 68
2292 4 40
2293 20 16
2294 90 53
2295 69 60
2296 34 35
2297 19 26
2298 84 17
2299 59 92
2300 22 70
2301 45 0
2302 34 87
2303 28 46
2304 31 94
2305 65 35
2306 42 18
2307 12 86
2308 44 12
2309 44 60
2310 47 61
2311 75 39
2312 61 38
2313 81 35
2314 47 82
2315 6 17
2316 13 23
2317 60 1
2318 94 0
2319 41 46
2320 49 31
2321 54 69
2322 48 60
2323 37 82
2324 9 80
2325 1 25
2326 54 70
2327 35 33
2328 80 59
2329 18 32
2330 21 70
2331 21 85
2332 54 100
2333 26 76
2334 47 30
2335 95 78
2336 95 67
2337 42 16
2338 4 74
2339 86 19
2340 26 90
2341 16 19
2342 31 99
2343 93 32
2344 13 67
2345 54 83
2346 16 98
2347 89 71
2348 90 78
2349 84 12
2350 13 72
2351 44 49
2352 39 33
2353 76 6
2354 70 64
2355 74 97
2356 51 88
2357 55 88
2358 85 9
2359 77 34
2360 14 23
2361 55 86
2362 89 30
2363 87 49
2364 30 23
2365 85 17
2366 30 42
2367 100 59
2368 65 8
2369 93 76
2370 29 95
2371 85 14
2372 65 62
2373 22 71
2374 87 96
2375 4 49
2376 37 42
2377 16 82
2378 33 79
2379 49 31
2380 13 54
2381 92 15
2382 1 77
2383 71 20
2384 73 95
2385 50 88
2386 63 39
2387 28 89
2388 11 49
2389 53 56
2390 71 94
2391 19 20
2392 90 68
2393 47 67
2394 32 31
2395 28 82
2396 51 32
2397 58 85
2398 17 15
2399 11 91
2400 86 44
2401 52 12
2402 48 49
2403 96 90
2404 27 92
2405 16 13
2406 63 2
2407 84 8
2408 79 65
2409 10 39
2410 91 34
2411 81 39
2412 51 6
2413 98 86
2414 84 90
2415 82 2
2416 95 18
2417 55 63
2418 18 42
2419 60 59
2420 78 25
2421 24 30
2422 45 70
2423 11 39
2424 47 98
2425 38 95
2426 14 36
2427 47 62
2428 22 52
2429 45 87
2430 59 33
2431 0 3
2432 90 93
2433 8 42
2434 65 71
2435 59 5
2436 18 62
2437 96 4
2438 24 40
2439 76 33
2440 94 42
2441 60 67
2442 58 12
2443 79 90
2444 16 99
2445 59 2
2446 83 12
2447 12 91
2448 89 33
2449 4 78
2450 61 93
2451 38 54
2452 17 0
2453 29 84
2454 84 66
2455 9 9
2456 50 39
2457 79 34
2458 4 9
2459 75 91
2460 98 78
2461 43 25
2462 85 69
2463 50 47
2464 7 22
2465 22 8
2466 22 81
2467 17 79
2468 97 39
2469 25 95
2470 15 73
2471 46 88
2472 43 12
2473 26 28
2474 59 34
2475 35 87
2476 1 91
2477 82 12
2478 41 43
2479 88 1
2480 28 55
2481 36 68
2482 70 92
2483 88 7
2484 36 52
2485 89 1
2486 80 86
2487 57 11
2488 12 25
2489 54 67
2490 13 35
2491 7 58
2492 79 51
2493 48 18
2494 47 30
2495 69 100
2496 24 92
2497 7 35
2498 37 100
2499 65 78
2500 96 100
2501 72 7
2502 64 43
2503 12 73
2504 75 37
2505 58 51
2506 46 38
2507 34 69
2508 71 99
2509 9 18
2510 94 9
2511 65 30
2512 44 65
2513 23 43
2514 17 11
2515 50 2
2516 82 63
2517 31 51
2518 75 45
2519 25 55
2520 88 31
2521 29 52
2522 70 53
2523 82 64
2524 70 29
2525 55 57
2526 88 26
2527 13 67
2528 27 70
2529 74 90
2530 0 83
2531 31 49
2532 25 88
2533 33 20
2534 51 92
2535 59 100
2536 2 93
2537 83 62
2538 45 11
2539 7 81
2540 31 0
2541 60 75
2542 74 67
2543 62 79
2544 46 87
2545 55 50
2546 44 77
2547 63 31
2548 66 26
2549 40 3
2550 39 22
2551 70 4
2552 41 49
2553 46 25
2554 93 32
2555 1 39
2556 42 81
2557 84 33
2558 17 22
2559 50 93
2560 10 20
2561 69 68
2562 97 38
2563 55 8
2564 32 39
2565 26 57
2566 47 62
2567 90 8
2568 92 41
2569 92 45
2570 22 85
2571 60 94
2572 6 14
2573 63 58
2574 76 79
2575 32 88
2576 66 58
2577 30 73
2578 89 26
2579 84 56
2580 36 34
2581 91 1
2582 30 24
2583 37 70
2584 64 4
2585 79 33
2586 18 50
2587 12 68
2588 99 11
2589 90 39
2590 93 5
2591 96 75
2592 0 18
2593 43 37
2594 33 88
2595 92 79
2596 68 98
2597 50 22
2598 43 26
2599 9 99
2600 48 74
2601 68 14
2602 39 14
2603 60 11
2604 51 23
2605 64 38
2606 52 95
2607 62 27
2608 36 59
2609 4 16
2610 39 40
2611 44 28
2612 64 41
2613 76 91
2614 49 30
2615 57 65
2616 2 2
2617 61 7
2618 37 50
2619 56 78
2620 40 52
2621 77 65
2622 51 2
2623 65 41
2624 33 95
2625 9 85
2626 67 46
2627 37 20
2628 38 40
2629 21 2
2630 18 32
2631 4 76
2632 48 31
2633 31 42
2634 81 28
2635 69 32
2636 26 17
2637 72 41
2638 91 76
2639 57 24
2640 10 21
2641 64 72
2642 4 96
2643 30 46
2644 72 7
2645 12 34
2646 25 56
2647 86 89
2648 43 86
2649 10 68
2650 98 32
2651 41 57
2652 28 4
2653 76 24
2654 17 3
2655 0 99
2656 8 49
2657 89 16
2658 46 25
2659 48 96
2660 23 51
2661 86 85
2662 63 49
2663 85 44
2664 17 68
2665 43 22
2666 63 79
2667 66 71
2668 72 28
2669 79 87
2670 34 9
2671 64 84
2672 3 44
2673 100 37
2674 99 30
2675 13 82
2676 47 98
2677 26 65
2678 30 22
2679 62 46
2680 89 24
2681 55 44
2682 52 26
2683 70 14
2684 46 78
2685 67 48
2686 13 13
2687 91 48
2688 72 93
2689 96 35
2690 18 32
2691 87 5
2692 29 94
2693 14 26
2694 40 19
2695 50 32
2696 78 7
2697 35 31
2698 80 30
2699 36 11
2700 53 0
2701 63 23
2702 95 38
2703 74 53
2704 60 81
2705 91 18
2706 69 89
2707 34 12
2708 17 4
2709 93 16
2710 43 8
2711 24 44
2712 10 8
2713 21 93
2714 27 23
2715 18 99
2716 1 1
2717 76 77
2718 40 99
2719 75 20
2720 5 45
2721 0 59
2722 30 49
2723 65 89
2724 1 6
2725 85 91
2726 38 64
2727 32 14
2728 30 83
2729 36 23
2730 99 9
2731 55 99
2732 12 9
2733 13 80
2734 43 80
2735 58 60
2736 45 34
2737 26 87
2738 73 95
2739 23 31
2740 61 72
2741 80 4
2742 57 54
2743 10 68
2744 66 73
2745 86 61
2746 85 53
2747 11 63
2748 90 5
2749 20 1
2750 12 64
2751 84 11
2752 17 88
2753 98 55
2754 92 0
2755 61 8
2756 71 31
2757 20 21
2758 25 31
2759 51 68
2760 93 45
2761 67 24
2762 75 28
2763 13 54
2764 72 78
2765 26 62
2766 57 30
2767 86 61
2768 42 45
2769 96 28
2770 17 15
2771 36 97
2772 46 53
2773 36 8
2774 67 72
2775 3 85
2776 52 29
2777 70 90
2778 27 81
2779 86 93
2780 76 34
2781 89 4
2782 77 38
2783 81 22
2784 10 0
2785 95 99
2786 44 97
2787 23 55
2788 38 80
2789 21 68
2790 83 14
2791 50 59
2792 73 7
2793 47 20
2794 54 23
2795 29 20
2796 40 57
2797 84 94
2798 58 23
2799 75 52
2800 89 52
2801 7 90
2802 84 7
2803 43 22
2804 92 56
2805 66 28
2806 77 63
2807 53 61
2808 22 60
2809 27 48
2810 39 74
2811 19 6
2812 90 78
2813 7 58
2814 6 82
2815 15 67
2816 75 31
2817 25 96
2818 73 44
2819 92 17
2820 27 59
2821 35 60
2822 39 57
2823 66 15
2824 0 28
2825 92 67
2826 25 39
2827 25 46
2828 57 72
2829 50 60
2830 38 42
2831 59 20
2832 29 11
2833 18 79
2834 91 79
2835 98 23
2836 48 71
2837 28 29
2838 2 36
2839 20 10
2840 9 67
2841 46 65
2842 7 36
2843 52 48
2844 26 0
2845 84 14
2846 97 39
2847 2 90
2848 64 92
2849 4 63
2850 26 38
2851 89 15
2852 73 80
2853 11 48
2854 52 59
2855 42 78
2856 24 5
2857 95 64
2858 28 29
2859 6 89
2860 84 72
2861 46 80
2862 9 91
2863 64 17
2864 4 91
2865 85 16
2866 23 99
2867 57 40
2868 57 9
2869 24 60
2870 28 100
2871 8 20
2872 73 70
2873 3 3
2874 43 21
2875 63 88
2876 26 35
2877 30 98
2878 52 37
2879 100 3
2880 26 26
2881 49 80
2882 8 47
2883 17 7
2884 60 23
2885 13 46
2886 59 71
2887 21 100
2888 45 75
2889 15 15
2890 10 96
2891 78 87
2892 52 29
2893 56 20
2894 99 56
2895 34 46
2896 75 71
2897 2 86
2898 92 0
2899 93 64
2900 40 75
2901 57 33
2902 64 9
2903 100 72
2904 4 74
2905 86 100
2906 50 86
2907 81 87
2908 28 37
2909 36 31
2910 87 11
2911 36 65
2912 36 67
2913 89 47
2914 87 58
2915 88 31
2916 65 89
2917 82 54
2918 45 85
2919 47 35
2920 24 33
2921 65 22
2922 1 45
2923 95 11
2924 73 82
2925 60 5
2926 26 67
2927 46 90
2928 23 55
2929 32 84
2930 27 78
2931 63 25
2932 40 73
2933 26 50
2934 49 21
2935 88 61
2936 40 92
2937 70 3
2938 4 98
2939 55 6
2940 51 21
2941 37 74
2942 53 86
2943 22 98
2944 5 100
2945 85 51
2946 74 85
2947 59 34
2948 9 71
2949 5 80
2950 47 86
2951 37 92
2952 48 22
2953 82 28
2954 96 82
2955 57 59
2956 54 46
2957 59 53
2958 44 9
2959 61 37
2960 10 38
2961 9 44
2962 96 56
2963 97 55
2964 63 59
2965 90 91
2966 51 59
2967 58 38
2968 93 3
2969 79 80
2970 42 83
2971 35 58
2972 17 84
2973 27 87
2974 27 36
2975 89 42
2976 76 16
2977 27 3
2978 5 56
2979 83 60
2980 46 20
2981 60 36
2982 1 87
2983 45 65
2984 46 52
2985 74 14
2986 28 32
2987 10 24
2988 57 2
2989 70 12
2990 29 47
2991 31 19
2992 36 12
2993 24 1
2994 63 98
2995 52 8
2996 29 17
2997 41 33
2998 12 13
2999 19 5
3000 71 45
3001 20 61
3002 54 3
3003 8 21
3004 12 54
3005 45 92
3006 87 99
3007 79 46
3008 64 55
3009 66 58
3010 68 80
3011 68 45
3012 2 45
3013 12 96
3014 60 15
3015 27 57
3016 8 6
3017 77 46
3018 68 42
3019 3 28
3020 60 17
3021 48 9
3022 0 59
3023 91 79
3024 77 20
3025 70 28
3026 54 81
3027 58 94
3028 54 90
3029 25 25
3030 24 97
3031 11 50
3032 11 76
3033 65 53
3034 1 99
3035 10 88
3036 74 56
3037 35 25
3038 69 70
3039 45 31
3040 48 26
3041 37 98
3042 17 61
3043 98 19
3044 37 84
3045 5 15
3046 96 19
3047 21 86
3048 58 78
3049 31 38
3050 34 39
3051 100 52
3052 46 19
3053 19 14
3054 93 85
3055 0 77
3056 72 49
3057 8 42
3058 79 43
3059 31 81
3060 37 28
3061 63 38
3062 16 92
3063 17 52
3064 78 80
3065 34 62
3066 64 46
3067 89 47
3068 61 39
3069 4 44
3070 21 66
3071 52 85
3072 33 41
3073 70 69
3074 32 6
3075 83 55
3076 35 27
3077 44 9
3078 27 46
3079 76 11
3080 77 33
3081 39 12
3082 53 86
3083 12 80
3084 58 46
3085 8 52
3086 27 53
3087 20 12
3088 16 98
3089 91 59
3090 77 48
3091 57 34
3092 57 43
3093 17 6
3094 89 89
3095 67 69
3096 17 68
3097 18 3
3098 99 94
3099 70 81
3100 98 8
3101 90 72
3102 17 4
3103 39 3
3104 19 57
3105 27 70
3106 70 83
3107 66 4
3108 22 42
3109 0 92
3110 83 23
3111 27 81
3112 17 96
3113 34 32
3114 61 45
3115 47 83
3116 52 57
3117 37 47
3118 68 58
3119 100 74
3120 91 28
3121 67 27
3122 24 96
3123 7 5
3124 39 65
3125 60 85
3126 7 79
3127 7 99
3128 16 1
3129 66 67
3130 10 1
3131 35 36
3132 60 50
3133 0 81
3134 43 80
3135 80 80
3136 25 97
3137 33 62
3138 97 84
3139 68 98
3140 14 30
3141 34 92
3142 92 75
3143 83 42
3144 9 39
3145 14 49
3146 93 66
3147 18 20
3148 64 9
3149 76 17
3150 80 69
3151 49 75
3152 65 78
3153 15 13
3154 42 69
3155 79 60
3156 58 27
3157 26 0
3158 14 13
3159 88 85
3160 86 81
3161 7 34
3162 8 90
3163 61 70
3164 8 60
3165 86 16
3166 47 65
3167 83 29
3168 75 59
3169 36 9
3170 54 52
3171 50 36
3172 65 35
3173 7 80
3174 58 92
3175 22 65
3176 78 12
3177 24 96
3178 72 96
3179 52 41
3180 50 37
3181 74 24
3182 72 43
3183 60 90
3184 31 49
3185 2 13
3186 55 78
3187 57 100
3188 46 34
3189 29 55
3190 49 69
3191 60 74
3192 72 56
3193 22 70
3194 37 54
3195 72 85
3196 59 55
3197 29 96
3198 33 73
3199 75 75
3200 33 34
3201 48 58
3202 6 16
3203 37 37
3204 40 55
3205 50 93
3206 15 100
3207 94 21
3208 58 60
3209 70 19
3210 57 60
3211 66 76
3212 79 31
3213 26 93
3214 83 3
3215 23 88
3216 43 88
3217 24 43
3218 98 4
3219 15 71
3220 90 79
3221 15 76
3222 80 48
3223 79 30
3224 79 53
3225 10 68
3226 68 9
3227 79 20
3228 71 68
3229 43 20
3230 52 9
3231 47 76
3232 97 85
3233 25 13
3234 20 76
3235 84 18
3236 30 10
3237 26 18
3238 19 29
3239 88 63
3240 14 96
3241 76 92
3242 47 1
3243 71 21
3244 26 35
3245 64 54
3246 87 51
3247 22 86
3248 91 40
3249 90 19
3250 92 32
3251 50 42
3252 42 57
3253 92 43
3254 16 81
3255 60 50
3256 83 74
3257 16 57
3258 87 86
3259 91 81
3260 93 28
3261 42 20
3262 27 9
3263 27 48
3264 17 89
3265 72 12
3266 91 64
3267 23 94
3268 13 25
3269 41 79
3270 22 68
3271 15 79
3272 6 91
3273 55 14
3274 85 52
3275 1 98
3276 98 80
3277 84 81
3278 48 96
3279 42 68
3280 66 81
3281 55 82
3282 64 82
3283 39 18
3284 66 77
3285 93 12
3286 49 59
3287 19 65
3288 95 38
3289 13 46
3290 28 24
3291 70 56
3292 5 64
3293 86 39
3294 86 90
3295 16 44
3296 99 35
3297 15 94
3298 58 63
3299 37 57
3300 81 33
3301 11 17
3302 77 5
3303 82 86
3304 13 10
3305 57 3
3306 14 21
3307 64 70
3308 99 11
3309 80 96
3310 35 45
3311 2 8
3312 93 59
3313 83 70
3314 54 83
3315 34 65
3316 80 18
3317 42 9
3318 83 64
3319 56 34
3320 13 69
3321 60 56
3322 16 89
3323 55 45
3324 75 27
3325 60 50
3326 29 72
3327 58 36
3328 11 44
3329 4 58
3330 49 14
3331 9 87
3332 20 71
3333 61 68
3334 38 50
3335 80 25
3336 9 69
3337 93 38
3338 32 3
3339 65 57
3340 37 60
3341 22 68
3342 86 85
3343 31 54
3344 13 74
3345 33 92
3346 4 6
3347 3 32
3348 72 64
3349 65 76
3350 2 36
3351 47 52
3352 83 18
3353 39 47
3354 41 11
3355 44 54
3356 75 32
3357 50 25
3358 86 37
3359 56 68
3360 12 56
3361 44 43
3362 75 94
3363 24 15
3364 1 72
3365 100 23
3366 31 13
3367 41 12
3368 69 55
3369 23 39
3370 18 67
3371 99 68
3372 19 48
3373 93 49
3374 39 65
3375 46 15
3376 92 94
3377 78 33
3378 76 63
3379 29 38
3380 79 4
3381 23 86
3382 80 27
3383 95 37
3384 11 37
3385 75 27
3386 30 64
3387 53 99
3388 68 81
3389 49 85
3390 29 29
3391 14 17
3392 64 50
3393 99 98
3394 17 94
3395 51 98
3396 9 54
3397 5 7
3398 28 97
3399 21 49
3400 10 39
3401 76 72
3402 81 7
3403 14 24
3404 27 100
3405 90 26
3406 45 88
3407 83 79
3408 95 63
3409 79 96
3410 30 83
3411 8 78
3412 45 17
3413 0 100
3414 49 76
3415 41 20
3416 24 35
3417 3 96
3418 5 67
3419 0 77
3420 82 68
3421 45 49
3422 40 28
3423 24 18
3424 27 56
3425 17 17
3426 37 69
3427 1 73
3428 100 85
3429 71 77
3430 40 24
3431 79 62
3432 37 96
3433 1 87
3434 4 3
3435 97 99
3436 96 19
3437 28 24
3438 5 82
3439 89 49
3440 81 85
3441 12 32
3442 78 71
3443 60 45
3444 24 65
3445 61 73
3446 52 84
3447 30 56
3448 55 1
3449 88 33
3450 49 5
3451 88 41
3452 5 5
3453 92 96
3454 50 74
3455 1 11
3456 45 49
3457 61 80
3458 43 71
3459 43 73
3460 43 79
3461 53 12
3462 49 32
3463 25 89
3464 67 24
3465 67 90
3466 9 50
3467 63 32
3468 23 87
3469 78 26
3470 50 40
3471 99 82
3472 26 37
3473 12 77
3474 29 34
3475 91 42
3476 89 32
3477 9 38
3478 67 34
3479 51 9
3480 11 88
3481 11 24
3482 100 13
3483 73 98
3484 81 10
3485 99 61
3486 9 73
3487 60 19
3488 20 49
3489 39 70
3490 61 94
3491 31 60
3492 63 29
3493 29 32
3494 59 34
3495 0 95
3496 6 97
3497 7 98
3498 61 33
3499 35 19
3500 41 18
3501 31 14
3502 13 81
3503 0 8
3504 29 82
3505 48 74
3506 62 24
3507 67 63
3508 29 26
3509 77 33
3510 98 83
3511 62 56
3512 53 48
3513 1 59
3514 31 91
3515 7 82
3516 7 93
3517 95 25
3518 79 74
3519 23 63
3520 92 98
3521 27 65
3522 99 62
3523 46 56
3524 9 63
3525 71 98
3526 11 30
3527 78 75
3528 61 70
3529 7 69
3530 51 29
3531 82 6
3532 24 48
3533 70 9
3534 94 77
3535 97 42
3536 99 95
3537 80 12
3538 7 82
3539 6 79
3540 13 95
3541 38 96
3542 48 50
3543 0 11
3544 93 75
3545 61 97
3546 82 2
3547 28 68
3548 40 58
3549 8 27
3550 32 78
3551 7 47
3552 73 90
3553 62 44
3554 0 8
3555 47 50
3556 65 12
3557 34 70
3558 19 70
3559 36 87
3560 17 79
3561 65 50
3562 31 6
3563 44 3
3564 97 60
3565 52 13
3566 94 90
3567 0 30
3568 99 54
3569 2 7
3570 64 38
3571 24 76
3572 15 79
3573 5 48
3574 100 69
3575 90 99
3576 16 35
3577 74 79
3578 15 15
3579 26 19
3580 73 86
3581 1 87
3582 50 93
3583 78 88
3584 28 60
3585 82 96
3586 54 61
3587 19 66
3588 24 37
3589 29 55
3590 38 84
3591 95 74
3592 34 5
3593 25 14
3594 17 2
3595 21 88
3596 44 43
3597 68 20
3598 84 28
3599 89 50
3600 19 99
3601 83 44
3602 62 38
3603 79 59
3604 99 97
3605 23 62
3606 38 50
3607 53 80
3608 23 70
3609 88 52
3610 21 84
3611 63 57
3612 40 39
3613 77 20
3614 91 6
3615 62 11
3616 0 20
3617 13 61
3618 71 55
3619 50 10
3620 2 100
3621 2 80
3622 54 49
3623 56 26
3624 7 67
3625 30 57
3626 26 82
3627 75 34
3628 91 87
3629 56 11
3630 67 55
3631 81 14
3632 67 82
3633 21 89
3634 54 58
3635 57 51
3636 15 100
3637 44 35
3638 24 90
3639 46 50
3640 32 0
3641 100 25
3642 76 48
3643 8 64
3644 4 62
3645 80 84
3646 51 78
3647 91 39
3648 87 100
3649 85 10
3650 86 27
3651 38 52
3652 7 7
3653 50 22
3654 43 41
3655 1 22
3656 2 0
3657 3 28
3658 52 66
3659 97 69
3660 57 10
3661 71 62
3662 83 87
3663 66 75
3664 54 1
3665 6 28
3666 26 59
3667 38 6
3668 93 56
3669 63 23
3670 71 98
3671 15 7
3672 30 67
3673 56 92
3674 68 89
3675 75 26
3676 70 4
3677 71 26
3678 8 27
3679 94 54
3680 46 83
3681 68 98
3682 10 79
3683 98 10
3684 65 48
3685 91 87
3686 89 16
3687 70 100
3688 92 40
3689 19 66
3690 85 38
3691 64 51
3692 56 35
3693 15 14
3694 50 75
3695 76 58
3696 7 58
3697 48 58
3698 89 72
3699 75 94
3700 45 90
3701 27 8
3702 82 85
3703 89 37
3704 45 71
3705 99 93
3706 95 4
3707 68 42
3708 32 81
3709 35 94
3710 73 37
3711 92 94
3712 87 2
3713 50 48
3714 63 63
3715 45 97
3716 73 3
3717 81 81
3718 60 75
3719 31 27
3720 67 7
3721 52 4
3722 73 97
3723 89 17
3724 73 57
3725 55 25
3726 78 53
3727 88 47
3728 84 80
3729 21 56
3730 5 86
3731 22 7
3732 67 49
3733 93 36
3734 24 75
3735 82 18
3736 21 25
3737 65 21
3738 55 80
3739 44 5
3740 86 10
3741 50 77
3742 85 28
3743 66 62
3744 100 94
3745 55 65
3746 92 32
3747 98 24
3748 0 80
3749 11 21
3750 35 33
3751 85 93
3752 68 96
3753 41 58
3754 23 52
3755 21 71
3756 22 31
3757 54 25
3758 29 36
3759 59 95
3760 53 71
3761 10 55
3762 50 4
3763 67 15
3764 7 35
3765 18 85
3766 46 91
3767 93 87
3768 90 1
3769 42 88
3770 66 16
3771 22 17
3772 59 73
3773 8 34
3774 10 87
3775 35 42
3776 4 11
3777 61 34
3778 6 58
3779 73 30
3780 18 59
3781 27 59
3782 29 9
3783 90 92
3784 64 83
3785 92 33
3786 63 44
3787 99 71
3788 98 8
3789 41 85
3790 93 40
3791 69 60
3792 94 70
3793 64 4
3794 23 22
3795 81 21
3796 61 41
3797 17 78
3798 85 100
3799 73 38
3800 69 83
3801 15 84
3802 29 10
3803 17 48
3804 14 42
3805 64 42
3806 32 42
3807 97 54
3808 52 92
3809 46 41
3810 25 93
3811 88 23
3812 28 61
3813 32 79
3814 18 71
3815 59 34
3816 53 88
3817 13 16
3818 38 90
3819 42 54
3820 85 78
3821 13 10
3822 64 85
3823 67 85
3824 92 2
3825 6 45
3826 80 91
3827 33 21
3828 8 68
3829 63 49
3830 66 52
3831 45 83
3832 24 77
3833 43 48
3834 56 56
3835 94 35
3836 42 23
3837 96 4
3838 6 0
3839 46 87
3840 74 78
3841 34 70
3842 4 38
3843 57 66
3844 22 97
3845 38 42
3846 29 88
3847 11 78
3848 9 64
3849 81 68
3850 44 87
3851 84 66
3852 100 8
3853 52 98
3854 86 31
3855 49 59
3856 98 67
3857 76 65
3858 35 2
3859 94 24
3860 16 18
3861 35 100
3862 82 5
3863 93 11
3864 22 5
3865 63 80
3866 59 17
3867 66 96
3868 36 29
3869 82 100
3870 2 9
3871 24 63
3872 94 68
3873 2 2
3874 59 99
3875 0 61
3876 22 51
3877 99 99
3878 32 37
3879 28 68
3880 86 71
3881 53 30
3882 35 94
3883 67 19
3884 28 39
3885 16 84
3886 75 4
3887 17 67
3888 100 84
3889 87 59
3890 33 87
3891 19 100
3892 50 64
3893 79 24
3894 23 65
3895 80 20
3896 70 18
3897 44 73
3898 89 15
3899 31 95
3900 4 31
3901 79 18
3902 79 82
3903 0 16
3904 61 77
3905 72 97
3906 13 90
3907 67 78
3908 29 60
3909 26 9
3910 12 33
3911 32 10
3912 46 51
3913 1 22
3914 24 54
3915 97 93
3916 11 52
3917 93 93
3918 35 100
3919 93 100
3920 57 49
3921 96 78
3922 84 78
3923 96 81
3924 67 47
3925 9 79
3926 100 39
3927 96 87
3928 66 61
3929 5 6
3930 69 88
3931 26 69
3932 27 26
3933 32 99
3934 32 96
3935 14 48
3936 96 23
3937 25 91
3938 14 98
3939 98 100
3940 85 74
3941 7 47
3942 94 69
3943 70 49
3944 19 21
3945 39 88
3946 37 65
3947 87 65
3948 16 22
3949 8 41
3950 95 87
3951 66 0
3952 24 3
3953 42 35
3954 53 32
3955 65 56
3956 64 14
3957 23 77
3958 46 82
3959 83 87
3960 69 53
3961 35 36
3962 25 55
3963 62 27
3964 67 20
3965 83 49
3966 29 60
3967 57 54
3968 78 96
3969 65 95
3970 94 11
3971 75 13
3972 83 36
3973 74 97
3974 67 50
3975 66 11
3976 35 7
3977 57 56
3978 72 4
3979 68 45
3980 36 34
3981 39 20
3982 40 16
3983 68 46
3984 83 94
3985 60 64
3986 53 31
3987 26 52
3988 51 78
3989 45 83
3990 43 77
3991 93 5
3992 7 65
3993 44 89
3994 99 95
3995 65 53
3996 43 94
3997 84 50
3998 100 35
3999 16 68
4000 80 11
4001 25 48
4002 72 47
4003 35 77
4004 17 75
4005 69 15
4006 11 38
4007 56 65
4008 91 57
4009 23 77
4010 69 75
4011 25 67
4012 85 35
4013 26 6
4014 24 3
4015 64 58
4016 43 85
4017 67 90
4018 31 40
4019 3 40
4020 14 43
4021 65 65
4022 67 76
4023 95 96
4024 63 53
4025 5 73
4026 98 8
4027 27 78
4028 46 55
4029 38 50
4030 28 59
4031 37 39
4032 77 57
4033 96 52
4034 77 35
4035 25 60
4036 96 50
4037 25 21
4038 78 26
4039 10 99
4040 57 71
4041 18 10
4042 45 78
4043 40 8
4044 56 31
4045 61 0
4046 56 68
4047 26 56
4048 56 19
4049 19 43
4050 27 24
4051 4 13
4052 34 51
4053 68 100
4054 54 47
4055 36 99
4056 75 68
4057 90 100
4058 24 52
4059 47 13
4060 93 16
4061 98 49
4062 69 5
4063 34 43
4064 98 55
4065 28 34
4066 44 45
4067 8 34
4068 2 94
4069 67 29
4070 26 23
4071 0 54
4072 97 68
4073 44 61
4074 84 89
4075 78 84
4076 82 23
4077 4 80
4078 51 28
4079 57 77
4080 1 77
4081 59 86
4082 46 72
4083 92 29
4084 32 94
4085 76 65
4086 15 77
4087 95 94
4088 39 78
4089 26 25
4090 30 89
4091 37 94
4092 91 77
4093 22 75
4094 7 9
4095 20 92
4096 39 54
4097 45 9
4098 18 83
4099 17 6
4100 57 54
4101 69 54
4102 97 30
4103 51 85
4104 65 16
4105 53 49
4106 30 22
4107 86 56
4108 90 21
4109 47 64
4110 38 32
4111 43 46
4112 24 55
4113 47 80
4114 16 39
4115 20 5
4116 96 87
4117 89 5
4118 52 96
4119 98 4
4120 32 54
4121 11 30
4122 71 38
4123 89 47
4124 6 62
4125 54 44
4126 22 79
4127 74 90
4128 75 2
4129 34 6
4130 64 79
4131 45 21
4132 61 53
4133 8 80
4134 71 43
4135 67 50
4136 40 32
4137 21 12
4138 75 64
4139 18 63
4140 25 23
4141 87 32
4142 86 5
4143 45 93
4144 77 27
4145 47 73
4146 76 37
4147 72 72
4148 76 19
4149 96 61
4150 45 76
4151 17 63
4152 2 87
4153 17 93
4154 17 35
4155 93 2
4156 6 42
4157 8 37
4158 20 1
4159 32 21
4160 68 62
4161 53 39
4162 70 47
4163 82 24
4164 90 63
4165 85 9
4166 43 54
4167 3 61
4168 67 57
4169 63 0
4170 23 51
4171 40 56
4172 42 73
4173 60 79
4174 16 92
4175 94 57
4176 95 56
4177 27 73
4178 62 93
4179 74 11
4180 53 50
4181 13 44
4182 19 2
4183 38 78
4184 16 2
4185 54 40
4186 83 76
4187 89 39
4188 22 8
4189 41 96
4190 50 46
4191 12 7
4192 85 66
4193 80 10
4194 5 30
4195 6 14
4196 80 76
4197 7 82
4198 81 41
4199 15 81
4200 87 97
4201 99 45
4202 19 91
4203 38 45
4204 54 4
4205 32 59
4206 36 22
4207 34 96
4208 22 78
4209 18 49
4210 55 50
4211 35 51
4212 8 96
4213 99 2
4214 83 56
4215 86 17
4216 27 67
4217 85 15
4218 9 33
4219 90 38
4220 96 32
4221 10 28
4222 12 16
4223 96 69
4224 55 74
4225 28 94
4226 35 63
4227 69 47
4228 84 40
4229 29 21
4230 93 28
4231 15 93
4232 84 8
4233 65 72
4234 15 37
4235 25 67
4236 34 68
4237 85 40
4238 60 79
4239 77 13
4240 29 39
4241 69 31
4242 0 37
4243 36 7
4244 53 43
4245 28 43
4246 51 97
4247 0 15
4248 56 61
4249 62 11
4250 38 68
4251 66 99
4252 7 16
4253 66 76
4254 78 93
4255 63 37
4256 84 23
4257 70 44
4258 39 98
4259 80 96
4260 80 93
4261 23 67
4262 28 33
4263 49 36
4264 18 15
4265 91 1
4266 50 81
4267 78 29
4268 47 75
4269 85 52
4270 80 6
4271 22 13
4272 16 83
4273 8 43
4274 5 67
4275 97 80
4276 68 72
4277 83 51
4278 80 61
4279 16 49
4280 4 11
4281 78 79
4282 82 38
4283 90 88
4284 24 90
4285 2 69
4286 19 40
4287 34 40
4288 59 33
4289 91 51
4290 74 100
4291 46 66
4292 79 91
4293 32 63
4294 31 91
4295 27 59
4296 89 90
4297 26 9
4298 96 74
4299 34 86
4300 36 81
4301 82 81
4302 52 13
4303 0 96
4304 70 93
4305 2 87
4306 67 19
4307 59 6
4308 53 94
4309 76 25
4310 73 57
4311 23 59
4312 27 81
4313 93 68
4314 33 75
4315 21 3
4316 15 11
4317 30 56
4318 59 13
4319 19 34
4320 37 65
4321 15 29
4322 50 60
4323 83 72
4324 4 95
4325 84 33
4326 72 88
4327 56 56
4328 84 7
4329 6 88
4330 31 8
4331 53 13
4332 66 32
4333 72 56
4334 22 47
4335 71 2
4336 25 41
4337 28 36
4338 96 4
4339 74 51
4340 34 31
4341 7 47
4342 81 88
4343 96 86
4344 85 75
4345 69 31
4346 85 20
4347 25 23
4348 34 64
4349 41 86
4350 90 34
4351 1 66
4352 33 10
4353 100 59
4354 45 57
4355 93 86
4356 52 25
4357 76 57
4358 7 84
4359 42 42
4360 76 85
4361 20 59
4362 10 20
4363 96 45
4364 58 5
4365 93 81
4366 65 67
4367 93 10
4368 52 66
4369 63 22
4370 25 98
4371 75 0
4372 32 66
4373 39 52
4374 20 84
4375 43 33
4376 40 21
4377 31 8
4378 62 30
4379 90 47
4380 65 54
4381 12 62
4382 56 78
4383 98 29
4384 29 1
4385 73 39
4386 24 11
4387 87 3
4388 75 75
4389 94 42
4390 52 81
4391 86 51
4392 28 40
4393 0 50
4394 71 41
4395 60 20
4396 98 27
4397 87 33
4398 51 47
4399 14 18
4400 10 48
4401 99 41
4402 98 10
4403 66 90
4404 75 13
4405 22 29
4406 9 15
4407 59 72
4408 44 98
4409 89 37
4410 3 19
4411 84 62
4412 71 5
4413 5 66
4414 63 62
4415 94 57
4416 65 75
4417 99 4
4418 11 37
4419 65 22
4420 75 16
4421 59 60
4422 70 17
4423 8 67
4424 12 81
4425 9 78
4426 51 71
4427 80 77
4428 73 1
4429 56 8
4430 39 9
4431 5 41
4432 44 70
4433 39 51
4434 81 13
4435 35 12
4436 23 24
4437 94 85
4438 16 84
4439 68 24
4440 87 62
4441 71 38
4442 78 60
4443 28 11
4444 29 75
4445 4 37
4446 46 3
4447 79 46
4448 46 62
4449 29 55
4450 7 16
4451 95 93
4452 14 32
4453 63 37
4454 75 79
4455 56 71
4456 61 9
4457 31 77
4458 50 85
4459 21 27
4460 60 70
4461 85 51
4462 89 62
4463 73 37
4464 84 85
4465 40 47
4466 91 3
4467 66 87
4468 28 96
4469 89 83
4470 7 30
4471 13 39
4472 42 43
4473 43 69
4474 64 51
4475 22 94
4476 19 14
4477 47 95
4478 46 64
4479 72 20
4480 46 43
4481 75 100
4482 43 81
4483 91 33
4484 91 43
4485 31 7
4486 87 11
4487 13 67
4488 0 52
4489 51 4
4490 36 13
4491 35 78
4492 60 97
4493 3 7
4494 41 64
4495 91 51
4496 7 19
4497 83 64
4498 83 73
4499 18 14
4500 47 6
4501 46 25
4502 58 36
4503 57 92
4504 38 48
4505 11 58
4506 76 16
4507 68 15
4508 45 32
4509 61 95
4510 28 56
4511 81 94
4512 91 79
4513 30 48
4514 43 39
4515 42 69
4516 52 41
4517 83 76
4518 17 75
4519 44 27
4520 40 57
4521 62 44
4522 33 10
4523 45 32
4524 66 77
4525 59 45
4526 55 22
4527 72 84
4528 82 62
4529 17 35
4530 48 32
4531 51 37
4532 25 31
4533 48 28
4534 4 48
4535 50 44
4536 12 68
4537 56 18
4538 51 30
4539 91 0
4540 66 51
4541 82 9
4542 91 16
4543 42 29
4544 35 61
4545 17 2
4546 10 95
4547 75 100
4548 49 46
4549 63 34
4550 42 56
4551 16 74
4552 76 14
4553 20 34
4554 68 19
4555 68 89
4556 24 90
4557 44 71
4558 33 5
4559 61 61
4560 7 75
4561 55 10
4562 35 90
4563 50 45
4564 77 96
4565 79 36
4566 4 13
4567 26 84
4568 31 87
4569 32 97
4570 35 50
4571 61 24
4572 43 45
4573 15 33
4574 5 26
4575 12 96
4576 66 30
4577 28 86
4578 29 83
4579 79 53
4580 63 4
4581 59 84
4582 36 75
4583 1 27
4584 92 44
4585 47 0
4586 34 40
4587 38 15
4588 79 72
4589 35 12
4590 6 43
4591 95 30
4592 76 59
4593 50 50
4594 89 96
4595 56 35
4596 37 45
4597 42 10
4598 63 57
4599 57 39
4600 53 83
4601 46 41
4602 36 69
4603 56 4
4604 38 23
4605 11 42
4606 10 27
4607 39 63
4608 0 57
4609 78 66
4610 42 6
4611 100 84
4612 70 92
4613 24 96
4614 86 64
4615 56 59
4616 97 14
4617 17 77
4618 14 25
4619 19 93
4620 56 80
4621 95 25
4622 31 23
4623 42 99
4624 73 74
4625 5 54
4626 71 69
4627 75 82
4628 79 70
4629 6 69
4630 72 79
4631 86 19
4632 83 7
4633 87 69
4634 1 81
4635 53 49
4636 91 13
4637 16 28
4638 39 34
4639 41 100
4640 75 85
4641 66 100
4642 63 60
4643 44 75
4644 9 52
4645 63 24
4646 3 46
4647 0 32
4648 30 86
4649 42 2
4650 4 77
4651 85 91
4652 38 43
4653 90 94
4654 34 77
4655 73 88
4656 7 91
4657 67 24
4658 93 35
4659 38 11
4660 22 60
4661 24 0
4662 75 46
4663 45 93
4664 78 97
4665 69 67
4666 5 54
4667 37 82
4668 76 39
4669 39 14
4670 23 25
4671 37 62
4672 58 97
4673 71 78
4674 46 54
4675 21 99
4676 11 41
4677 16 38
4678 84 45
4679 93 33
4680 99 29
4681 23 28
4682 69 68
4683 97 74
4684 8 33
4685 41 79
4686 94 47
4687 3 52
4688 5 8
4689 79 87
4690 77 60
4691 42 14
4692 52 62
4693 72 84
4694 34 41
4695 90 84
4696 55 13
4697 48 80
4698 32 81
4699 5 53
4700 63 98
4701 18 21
4702 85 83
4703 97 41
4704 88 15
4705 29 68
4706 54 12
4707 66 7
4708 38 4
4709 100 8
4710 84 12
4711 77 39
4712 60 62
4713 25 100
4714 24 47
4715 33 67
4716 66 39
4717 42 57
4718 44 48
4719 43 70
4720 42 24
4721 90 1
4722 49 53
4723 53 90
4724 98 48
4725 27 33
4726 72 58
4727 33 57
4728 59 88
4729 51 57
4730 5 52
4731 70 62
4732 19 18
4733 28 18
4734 20 21
4735 70 94
4736 11 51
4737 72 27
4738 70 97
4739 25 49
4740 25 75
4741 12 19
4742 14 19
4743 16 73
4744 84 93
4745 91 7
4746 92 44
4747 41 60
4748 3 87
4749 19 10
4750 35 38
4751 75 5
4752 66 47
4753 72 94
4754 75 7
4755 13 87
4756 23 72
4757 58 90
4758 33 32
4759 31 47
4760 99 59
4761 13 23
4762 32 7
4763 80 16
4764 41 46
4765 94 97
4766 82 64
4767 54 68
4768 74 51
4769 94 2
4770 49 44
4771 86 8
4772 65 26
4773 46 83
4774 77 53
4775 29 93
4776 5 46
4777 9 97
4778 70 90
4779 47 51
4780 17 59
4781 15 90
4782 80 78
4783 17 59
4784 63 82
4785 32 68
4786 23 89
4787 9 34
4788 61 76
4789 35 99
4790 24 63
4791 1 90
4792 43 31
4793 92 29
4794 27 86
4795 82 66
4796 61 3
4797 53 90
4798 23 75
4799 12 84
4800 70 17
4801 72 64
4802 11 75
4803 53 87
4804 52 15
4805 80 16
4806 85 55
4807 16 92
4808 64 15
4809 66 57
4810 22 23
4811 29 51
4812 6 24
4813 66 19
4814 37 90
4815 96 66
4816 83 42
4817 1 39
4818 68 67
4819 16 15
4820 95 43
4821 98 59
4822 63 4
4823 38 22
4824 58 32
4825 64 6
4826 15 62
4827 45 83
4828 100 35
4829 50 86
4830 92 88
4831 5 90
4832 69 21
4833 3 9
4834 39 76
4835 89 20
4836 88 39
4837 90 10
4838 18 42
4839 53 88
4840 3 76
4841 45 70
4842 83 19
4843 47 24
4844 46 32
4845 95 12
4846 76 58
4847 42 83
4848 66 78
4849 82 9
4850 1 63
4851 53 62
4852 66 65
4853 94 89
4854 99 61
4855 80 99
4856 2 67
4857 35 29
4858 86 61
4859 32 6
4860 5 98
4861 38 43
4862 95 86
4863 7 6
4864 45 12
4865 1 18
4866 26 12
4867 46 3
4868 5 34
4869 8 2
4870 95 24
4871 91 13
4872 19 3
4873 56 35
4874 88 88
4875 54 1
4876 9 61
4877 52 79
4878 33 59
4879 67 20
4880 100 47
4881 99 7
4882 17 54
4883 16 95
4884 8 22
4885 97 96
4886 57 53
4887 67 55
4888 53 72
4889 72 91
4890 4 2
4891 33 2
4892 65 82
4893 53 1
4894 89 97
4895 24 56
4896 10 5
4897 85 29
4898 3 69
4899 30 59
4900 98 50
4901 1 67
4902 6 39
4903 35 100
4904 79 77
4905 46 12
4906 25 54
4907 18 16
4908 4 8
4909 23 17
4910 69 59
4911 35 0
4912 92 2
4913 26 81
4914 1 32
4915 31 73
4916 86 51
4917 76 38
4918 45 47
4919 85 52
4920 54 59
4921 59 70
4922 43 25
4923 1 93
4924 13 9
4925 37 43
4926 69 36
4927 39 93
4928 31 29
4929 59 7
4930 86 90
4931 72 40
4932 47 17
4933 34 55
4934 10 12
4935 29 51
4936 84 65
4937 84 9
4938 19 3
4939 59 58
4940 98 61
4941 28 35
4942 75 15
4943 77 6
4944 53 35
4945 32 56
4946 30 41
4947 34 28
4948 96 10
4949 68 84
4950 98 41
4951 84 73
4952 78 43
4953 46 60
4954 2 42
4955 48 47
4956 27 93
4957 87 34
4958 57 20
4959 61 43
4960 35 26
4961 55 71
4962 31 22
4963 19 27
4964 72 14
4965 28 66
4966 28 53
4967 64 94
4968 64 91
4969 69 73
4970 3 59
4971 61 10
4972 30 17
4973 54 50
4974 16 53
4975 89 79
4976 44 27
4977 56 19
4978 57 12
4979 94 44
4980 64 1
4981 82 1
4982 58 51
4983 4 30
4984 41 98
4985 47 85
4986 1 27
4987 18 16
4988 20 56
4989 47 40
4990 19 19
4991 3 24
4992 23 47
4993 72 84
4994 8 24
4995 89 72
4996 43 14
4997 40 95
4998 51 43
4999 28 16
5000 14 33
5001 30 34
5002 93 48
5003 22 95
5004 70 63
5005 85 81
5006 55 40
5007 29 54
5008 0 43
5009 12 24
5010 7 82
5011 2 4
5012 58 47
5013 86 24
5014 25 29
5015 13 33
5016 44 71
5017 6 16
5018 8 23
5019 84 33
5020 16 71
5021 65 71
5022 93 4
5023 13 73
5024 99 85
5025 24 57
5026 80 23
5027 14 53
5028 99 32
5029 7 50
5030 100 94
5031 22 15
5032 99 88
5033 63 52
5034 91 87
5035 0 39
5036 28 100
5037 63 78
5038 94 77
5039 60 39
5040 63 54
5041 50 30
5042 8 2
5043 74 40
5044 53 54
5045 16 14
5046 33 94
5047 33 67
5048 12 10
5049 68 58
5050 91 9
5051 85 23
5052 88 51
5053 70 31
5054 47 38
5055 31 13
5056 95 33
5057 22 17
5058 19 7
5059 24 64
5060 69 96
5061 63 89
5062 5 34
5063 26 63
5064 100 92
5065 7 82
5066 32 2
5067 78 81
5068 63 17
5069 32 14
5070 37 4
5071 45 66
5072 65 30
5073 43 18
5074 0 78
5075 92 89
5076 87 11
5077 11 99
5078 28 31
5079 27 25
5080 20 43
5081 87 45
5082 87 85
5083 98 85
5084 48 55
5085 35 10
5086 46 87
5087 100 33
5088 15 4
5089 8 41
5090 49 34
5091 51 13
5092 52 64
5093 87 28
5094 22 88
5095 46 46
5096 0 11
5097 52 83
5098 40 55
5099 99 92
5100 38 85
5101 38 92
5102 16 33
5103 93 52
5104 78 96
5105 59 45
5106 90 82
5107 60 98
5108 76 20
5109 35 37
5110 47 96
5111 35 9
5112 10 36
5113 19 45
5114 70 13
5115 65 88
5116 11 45
5117 11 15
5118 21 18
5119 50 92
5120 58 50
5121 24 94
5122 50 15
5123 78 24
5124 37 62
5125 94 48
5126 32 72
5127 75 54
5128 67 9
5129 5 41
5130 68 69
5131 73 35
5132 55 50
5133 54 80
5134 84 62
5135 65 96
5136 81 78
5137 86 72
5138 75 74
5139 66 65
5140 15 38
5141 5 58
5142 15 40
5143 53 69
5144 52 90
5145 7 19
5146 87 6
5147 60 58
5148 59 43
5149 64 47
5150 40 14
5151 62 24
5152 91 74
5153 75 66
5154 34 9
5155 59 80
5156 87 95
5157 30 2
5158 37 11
5159 73 0
5160 55 78
5161 96 69
5162 19 68
5163 66 44
5164 16 93
5165 19 91
5166 20 70
5167 79 27
5168 22 30
5169 59 81
5170 53 74
5171 51 89
5172 74 51
5173 91 84
5174 8 20
5175 43 2
5176 66 98
5177 63 48
5178 29 16
5179 5 20
5180 78 30
5181 29 87
5182 83 57
5183 9 4
5184 97 51
5185 87 85
5186 25 99
5187 3 27
5188 67 34
5189 43 49
5190 47 52
5191 92 84
5192 21 6
5193 55 65
5194 27 52
5195 61 48
5196 35 24
5197 89 10
5198 90 84
5199 38 59
5200 96 20
5201 86 79
5202 57 39
5203 70 15
5204 10 8
5205 9 15
5206 9 7
5207 21 80
5208 100 66
5209 24 39
5210 72 45
5211 16 98
5212 18 76
5213 63 58
5214 64 73
5215 68 90
5216 98 43
5217 10 64
5218 86 100
5219 97 9
5220 15 9
5221 83 84
5222 18 47
5223 57 57
5224 13 19
5225 86 64
5226 1 34
5227 10 51
5228 15 40
5229 11 55
5230 45 87
5231 41 91
5232 32 67
5233 18 68
5234 38 97
5235 74 38
5236 83 29
5237 56 8
5238 3 3
5239 0 15
5240 43 70
5241 59 63
5242 15 41
5243 19 39
5244 1 64
5245 55 3
5246 97 49
5247 73 15
5248 48 18
5249 74 1
5250 49 81
5251 84 71
5252 1 68
5253 62 40
5254 63 48
5255 2 84
5256 98 8
5257 61 20
5258 82 62
5259 29 71
5260 29 25
5261 86 67
5262 97 60
5263 47 82
5264 79 49
5265 33 96
5266 68 82
5267 20 87
5268 11 64
5269 46 19
5270 54 35
5271 27 66
5272 89 53
5273 78 36
5274 84 47
5275 87 55
5276 14 20
5277 77 95
5278 24 91
5279 58 6
5280 38 13
5281 57 78
5282 84 18
5283 30 14
5284 37 94
5285 31 41
5286 56 90
5287 43 81
5288 43 32
5289 10 28
5290 38 21
5291 2 62
5292 4 8
5293 71 55
5294 98 86
5295 62 80
5296 91 57
5297 51 24
5298 79 96
5299 2 62
5300 4 15
5301 38 13
5302 53 86
5303 76 50
5304 88 41
5305 45 76
5306 67 35
5307 61 21
5308 79 70
5309 94 25
5310 54 95
5311 78 36
5312 38 4
5313 1 2
5314 39 46
5315 14 30
5316 65 68
5317 10 4
5318 47 29
5319 75 93
5320 22 92
5321 74 28
5322 95 57
5323 64 49
5324 75 97
5325 89 73
5326 36 85
5327 45 90
5328 95 90
5329 13 67
5330 0 6
5331 88 22
5332 27 96
5333 87 32
5334 45 98
5335 30 88
5336 1 40
5337 35 83
5338 61 89
5339 30 92
5340 18 94
5341 23 23
5342 15 39
5343 61 4
5344 41 85
5345 46 20
5346 46 98
5347 47 3
5348 78 81
5349 86 97
5350 18 30
5351 56 79
5352 70 66
5353 45 91
5354 38 49
5355 31 16
5356 46 86
5357 89 91
5358 96 21
5359 92 98
5360 79 67
5361 67 19
5362 89 22
5363 3 24
5364 87 20
5365 43 3
5366 67 16
5367 40 91
5368 67 74
5369 72 86
5370 2 31
5371 86 92
5372 24 6
5373 100 2
5374 53 96
5375 38 51
5376 35 21
5377 19 61
5378 100 92
5379 25 77
5380 94 31
5381 75 38
5382 98 30
5383 36 45
5384 56 46
5385 59 74
5386 43 7
5387 72 96
5388 55 79
5389 89 74
5390 21 9
5391 46 66
5392 42 61
5393 57 77
5394 77 76
5395 84 87
5396 28 20
5397 0 46
5398 29 18
5399 21 96
5400 48 68
5401 10 3
5402 24 53
5403 63 0
5404 8 62
5405 85 59
5406 5 97
5407 92 60
5408 50 5
5409 1 40
5410 5 9
5411 83 62
5412 37 99
5413 33 58
5414 67 0
5415 59 31
5416 98 71
5417 46 56
5418 11 38
5419 9 49
5420 53 83
5421 63 39
5422 95 5
5423 8 63
5424 30 94
5425 28 82
5426 90 74
5427 38 60
5428 41 69
5429 20 46
5430 75 62
5431 42 55
5432 5 47
5433 96 25
5434 86 34
5435 53 75
5436 29 7
5437 2 81
5438 82 68
5439 6 87
5440 64 48
5441 27 21
5442 18 88
5443 11 70
5444 29 87
5445 78 70
5446 96 41
5447 62 8
5448 55 66
5449 79 59
5450 80 84
5451 10 23
5452 50 50
5453 37 89
5454 27 99
5455 48 11
5456 93 26
5457 66 60
5458 3 83
5459 93 23
5460 62 72
5461 47 32
5462 46 99
5463 37 100
5464 89 35
5465 26 98
5466 91 33
5467 40 24
5468 32 56
5469 51 60
5470 49 91
5471 37 81
5472 16 10
5473 27 3
5474 77 87
5475 13 63
5476 2 72
5477 72 19
5478 7 67
5479 78 57
5480 4 41
5481 65 60
5482 6 76
5483 2 11
5484 42 33
5485 52 38
5486 77 77
5487 46 58
5488 63 25
5489 41 84
5490 17 90
5491 36 89
5492 87 2
5493 28 40
5494 82 60
5495 61 33
5496 66 24
5497 85 81
5498 39 75
5499 54 67
5500 86 72
5501 34 39
5502 95 35
5503 45 81
5504 53 4
5505 0 7
5506 27 11
5507 23 86
5508 50 64
5509 46 53
5510 37 52
5511 99 53
5512 4 69
5513 63 66
5514 50 29
5515 48 34
5516 29 100
5517 90 64
5518 8 4
5519 59 52
5520 21 14
5521 89 14
5522 75 55
5523 33 52
5524 67 57
5525 17 53
5526 94 56
5527 56 67
5528 59 17
5529 63 47
5530 68 40
5531 3 69
5532 64 20
5533 34 28
5534 92 43
5535 85 50
5536 57 50
5537 12 87
5538 27 66
5539 31 34
5540 5 56
5541 3 67
5542 54 70
5543 36 60
5544 92 83
5545 17 97
5546 6 68
5547 8 100
5548 1 44
5549 95 92
5550 44 16
5551 75 14
5552 21 6
5553 76 98
5554 21 81
5555 28 46
5556 16 90
5557 83 57
5558 95 8
5559 86 47
5560 10 33
5561 44 54
5562 86 63
5563 17 91
5564 67 33
5565 14 37
5566 40 46
5567 18 66
5568 65 72
5569 3 46
5570 80 48
5571 14 1
5572 92 93
5573 6 87
5574 81 26
5575 70 98
5576 27 13
5577 2 74
5578 95 34
5579 30 46
5580 54 48
5581 26 22
5582 46 20
5583 41 3
5584 84 49
5585 59 87
5586 36 48
5587 11 38
5588 54 14
5589 70 79
5590 41 63
5591 32 41
5592 85 49
5593 16 76
5594 43 98
5595 60 29
5596 94 67
5597 64 12
5598 20 91
5599 13 79
5600 58 9
5601 34 95
5602 95 47
5603 98 36
5604 8 24
5605 25 47
5606 20 64
5607 3 26
5608 1 88
5609 44 53
5610 91 75
5611 7 46
5612 11 57
5613 49 100
5614 63 37
5615 18 86
5616 88 44
5617 59 23
5618 38 31
5619 47 15
5620 10 94
5621 38 69
5622 92 73
5623 28 13
5624 43 63
5625 97 0
5626 76 17
5627 48 31
5628 91 47
5629 47 46
5630 17 10
5631 18 2
5632 9 75
5633 38 94
5634 16 91
5635 77 34
5636 35 70
5637 63 44
5638 75 85
5639 90 79
5640 11 91
5641 54 88
5642 68 0
5643 48 30
5644 7 53
5645 59 73
5646 34 62
5647 77 25
5648 93 6
5649 15 6
5650 95 39
5651 64 54
5652 47 70
5653 68 51
5654 77 30
5655 88 61
5656 51 48
5657 12 70
5658 19 14
5659 55 7
5660 93 5
5661 27 25
5662 80 30
5663 81 65
5664 77 79
5665 23 40
5666 81 56
5667 6 30
5668 5 11
5669 95 37
5670 11 60
5671 3 38
5672 16 82
5673 78 44
5674 89 20
5675 64 28
5676 19 73
5677 42 74
5678 47 69
5679 66 56
5680 26 87
5681 11 19
5682 43 99
5683 41 25
5684 41 39
5685 58 46
5686 56 67
5687 62 18
5688 40 90
5689 17 46
5690 70 87
5691 62 58
5692 58 70
5693 17 98
5694 46 77
5695 29 42
5696 24 95
5697 37 18
5698 47 94
5699 39 43
5700 86 38
5701 8 11
5702 23 83
5703 23 52
5704 54 87
5705 81 71
5706 58 6
5707 29 98
5708 48 14
5709 20 24
5710 78 80
5711 34 18
5712 43 53
5713 87 51
5714 27 41
5715 4 52
5716 87 75
5717 58 88
5718 11 73
5719 33 34
5720 15 89
5721 99 96
5722 10 30
5723 75 7
5724 92 26
5725 74 100
5726 45 94
5727 80 87
5728 31 29
5729 34 6
5730 46 26
5731 0 32
5732 22 93
5733 28 20
5734 57 82
5735 51 48
5736 84 6
5737 32 29
5738 42 74
5739 93 77
5740 43 50
5741 64 75
5742 2 10
5743 60 92
5744 38 30
5745 65 24
5746 80 22
5747 3 67
5748 51 94
5749 63 43
5750 3 47
5751 51 83
5752 9 33
5753 3 98
5754 3 20
5755 26 54
5756 100 98
5757 66 40
5758 37 94
5759 43 10
5760 88 39
5761 4 8
5762 1 40
5763 43 71
5764 72 100
5765 25 95
5766 16 39
5767 36 88
5768 6 66
5769 66 57
5770 52 62
5771 86 24
5772 93 10
5773 65 44
5774 16 51
5775 13 67
5776 57 84
5777 25 84
5778 98 4
5779 41 5
5780 84 81
5781 81 97
5782 94 27
5783 100 67
5784 6 6
5785 69 8
5786 51 81
5787 18 22
5788 38 40
5789 33 20
5790 64 83
5791 27 48
5792 48 49
5793 16 47
5794 17 58
5795 74 31
5796 97 35
5797 41 68
5798 35 25
5799 63 90
5800 63 11
5801 35 97
5802 1 77
5803 34 60
5804 68 20
5805 5 73
5806 21 66
5807 22 84
5808 44 66
5809 56 75
5810 48 99
5811 80 10
5812 65 81
5813 36 28
5814 83 25
5815 48 72
5816 98 51
5817 87 49
5818 46 36
5819 8 0
5820 49 77
5821 67 53
5822 37 34
5823 67 35
5824 23 24
5825 95 32
5826 82 25
5827 40 93
5828 22 89
5829 62 58
5830 64 14
5831 49 69
5832 50 84
5833 52 80
5834 79 26
5835 91 84
5836 44 24
5837 73 11
5838 14 43
5839 58 47
5840 33 7
5841 71 88
5842 2 80
5843 71 26
5844 46 62
5845 15 44
5846 22 46
5847 23 43
5848 31 53
5849 93 77
5850 17 49
5851 78 100
5852 76 35
5853 9 46
5854 69 59
5855 26 61
5856 99 32
5857 78 13
5858 87 96
5859 23 95
5860 30 31
5861 45 39
5862 63 22
5863 78 26
5864 43 97
5865 38 83
5866 87 52
5867 21 2
5868 71 55
5869 77 54
5870 57 92
5871 45 91
5872 53 24
5873 26 62
5874 10 16
5875 83 50
5876 61 37
5877 96 59
5878 54 88
5879 47 97
5880 68 42
5881 9 77
5882 99 1
5883 69 45
5884 64 25
5885 24 62
5886 69 35
5887 98 94
5888 15 67
5889 66 20
5890 32 72
5891 66 54
5892 29 88
5893 27 32
5894 42 14
5895 100 80
5896 85 34
5897 11 13
5898 94 61
5899 24 43
5900 76 51
5901 90 99
5902 72 52
5903 61 64
5904 53 15
5905 83 82
5906 77 92
5907 60 16
5908 8 43
5909 69 5
5910 40 1
5911 47 71
5912 70 3
5913 0 26
5914 43 66
5915 63 18
5916 33 84
5917 25 11
5918 61 4
5919 39 70
5920 70 23
5921 1 52
5922 30 58
5923 76 59
5924 34 86
5925 63 89
5926 60 81
5927 93 40
5928 69 42
5929 93 85
5930 39 38
5931 9 28
5932 85 36
5933 28 54
5934 22 82
5935 58 4
5936 22 59
5937 97 80
5938 0 35
5939 41 44
5940 36 99
5941 23 62
5942 87 15
5943 44 75
5944 39 85
5945 22 79
5946 75 31
5947 67 100
5948 46 96
5949 10 76
5950 15 94
5951 12 53
5952 81 25
5953 74 53
5954 24 61
5955 21 84
5956 41 48
5957 69 1
5958 98 27
5959 71 22
5960 32 75
5961 21 37
5962 9 76
5963 4 20
5964 42 61
5965 63 44
5966 84 34
5967 30 27
5968 42 24
5969 28 81
5970 50 77
5971 82 74
5972 98 4
5973 43 30
5974 98 18
5975 34 77
5976 100 10
5977 59 47
5978 68 86
5979 58 73
5980 90 39
5981 59 96
5982 36 81
5983 31 68
5984 9 61
5985 57 32
5986 46 50
5987 83 10
5988 7 42
5989 67 28
5990 65 1
5991 73 93
5992 86 2
5993 46 16
5994 91 21
5995 73 9
5996 13 39
5997 57 37
5998 55 35
5999 45 18
6000 30 32
6001 21 95
6002 78 59
6003 68 10
6004 30 45
6005 2 86
6006 6 85
6007 67 23
6008 86 55
6009 51 31
6010 76 36
6011 75 85
6012 92 90
6013 54 62
6014 56 73
6015 80 36
6016 41 10
6017 4 61
6018 57 45
6019 38 64
6020 9 94
6021 94 56
6022 78 80
6023 39 47
6024 81 97
6025 69 4
6026 74 0
6027 51 31
6028 26 53
6029 21 10
6030 73 57
6031 42 19
6032 89 59
6033 50 64
6034 53 60
6035 84 0
6036 78 77
6037 47 95
6038 90 49
6039 43 44
6040 3 94
6041 14 85
6042 68 27
6043 44 44
6044 41 90
6045 35 9
6046 26 1
6047 5 17
6048 41 57
6049 72 86
6050 11 80
6051 61 41
6052 47 31
6053 24 35
6054 92 5
6055 72 90
6056 45 13
6057 100 18
6058 43 66
6059 27 63
6060 7 22
6061 33 46
6062 2 0
6063 14 90
6064 72 45
6065 71 99
6066 38 6
6067 18 92
6068 21 65
6069 66 92
6070 4 71
6071 41 69
6072 51 42
6073 59 79
6074 14 4
6075 53 8
6076 58 46
6077 99 98
6078 14 39
6079 26 36
6080 41 29
6081 93 67
6082 16 43
6083 95 94
6084 100 12
6085 91 1
6086 78 30
6087 24 41
6088 11 9
6089 61 11
6090 97 50
6091 14 93
6092 94 99
6093 48 32
6094 95 99
6095 82 17
6096 49 91
6097 75 28
6098 74 69
6099 51 11
6100 59 47
6101 99 0
6102 31 25
6103 31 55
6104 51 83
6105 74 80
6106 11 36
6107 92 84
6108 74 51
6109 50 51
6110 43 4
6111 54 30
6112 56 79
6113 60 27
6114 42 62
6115 13 86
6116 65 49
6117 35 55
6118 67 27
6119 45 29
6120 49 66
6121 33 59
6122 39 70
6123 38 64
6124 2 13
6125 62 70
6126 2 31
6127 96 10
6128 25 68
6129 9 27
6130 76 52
6131 2 64
6132 59 100
6133 17 51
6134 41 95
6135 22 23
6136 85 33
6137 8 37
6138 71 55
6139 84 82
6140 31 52
6141 67 73
6142 74 73
6143 76 60
6144 95 22
6145 74 36
6146 43 30
6147 43 66
6148 83 84
6149 16 83
6150 60 59
6151 79 2
6152 94 29
6153 92 14
6154 22 18
6155 66 40
6156 27 30
6157 42 57
6158 38 1
6159 86 39
6160 91 16
6161 94 17
6162 10 13
6163 21 67
6164 39 85
6165 11 22
6166 51 71
6167 50 95
6168 6 84
6169 49 16
6170 75 90
6171 81 76
6172 71 29
6173 72 97
6174 29 81
6175 50 99
6176 66 50
6177 98 3
6178 0 55
6179 75 1
6180 39 9
6181 60 34
6182 31 34
6183 47 5
6184 29 98
6185 97 4
6186 10 86
6187 41 41
6188 74 67
6189 29 90
6190 34 43
6191 31 99
6192 50 38
6193 0 8
6194 37 11
6195 96 89
6196 72 18
6197 30 49
6198 91 27
6199 53 39
6200 66 76
6201 79 100
6202 56 77
6203 58 89
6204 1 89
6205 5 0
6206 24 23
6207 75 20
6208 16 51
6209 9 60
6210 66 31
6211 29 26
6212 12 26
6213 78 99
6214 2 36
6215 76 38
6216 2 55
6217 2 27
6218 99 75
6219 80 99
6220 100 51
6221 33 71
6222 91 95
6223 71 72
6224 36 3
6225 41 84
6226 89 47
6227 9 87
6228 37 25
6229 77 11
6230 61 48
6231 85 83
6232 80 59
6233 40 5
6234 92 57
6235 10 93
6236 72 28
6237 68 87
6238 93 28
6239 40 82
6240 96 99
6241 91 4
6242 55 54
6243 83 53
6244 14 65
6245 47 86
6246 22 1
6247 54 23
6248 9 98
6249 27 64
6250 74 71
6251 43 79
6252 90 62
6253 46 98
6254 19 97
6255 42 62
6256 13 96
6257 64 11
6258 11 15
6259 83 96
6260 94 7
6261 87 15
6262 83 3
6263 71 82
6264 21 78
6265 42 63
6266 46 56
6267 5 86
6268 57 88
6269 71 65
6270 80 65
6271 67 70
6272 74 6
6273 81 23
6274 36 82
6275 82 42
6276 90 19
6277 48 98
6278 44 7
6279 72 10
6280 63 17
6281 78 42
6282 13 98
6283 55 21
6284 87 36
6285 28 11
6286 22 43
6287 99 32
6288 69 59
6289 5 27
6290 16 70
6291 11 54
6292 99 50
6293 49 96
6294 88 57
6295 5 10
6296 75 43
6297 64 74
6298 64 15
6299 64 13
6300 41 68
6301 9 86
6302 83 90
6303 31 84
6304 80 56
6305 85 8
6306 79 91
6307 55 31
6308 95 52
6309 27 58
6310 64 38
6311 7 99
6312 52 24
6313 84 69
6314 77 26
6315 66 17
6316 68 76
6317 82 85
6318 36 34
6319 33 47
6320 48 59
6321 68 79
6322 55 34
6323 84 92
6324 82 47
6325 64 92
6326 32 49
6327 55 99
6328 32 43
6329 38 52
6330 32 0
6331 99 5
6332 20 59
6333 81 84
6334 99 30
6335 14 96
6336 38 11
6337 28 66
6338 57 14
6339 94 29
6340 10 62
6341 87 78
6342 26 35
6343 30 69
6344 81 8
6345 13 25
6346 18 37
6347 94 83
6348 94 27
6349 51 3
6350 79 16
6351 1 77
6352 8 21
6353 23 15
6354 24 83
6355 9 28
6356 14 50
6357 100 54
6358 64 30
6359 28 6
6360 35 90
6361 66 58
6362 91 8
6363 67 75
6364 69 92
6365 6 24
6366 89 97
6367 93 49
6368 78 90
6369 32 93
6370 86 9
6371 23 51
6372 41 0
6373 77 35
6374 87 10
6375 1 10
6376 64 97
6377 31 93
6378 10 100
6379 58 87
6380 23 74
6381 25 92
6382 85 30
6383 17 67
6384 10 27
6385 4 73
6386 91 4
6387 17 49
6388 69 75
6389 38 16
6390 91 37
6391 27 78
6392 47 16
6393 17 83
6394 38 84
6395 99 45
6396 74 100
6397 94 69
6398 30 37
6399 54 100
6400 8 90
6401 8 24
6402 4 80
6403 81 83
6404 93 82
6405 88 35
6406 43 71
6407 50 1
6408 73 42
6409 52 25
6410 56 84
6411 73 21
6412 69 57
6413 91 36
6414 27 89
6415 76 83
6416 66 50
6417 89 60
6418 12 95
6419 21 8
6420 85 91
6421 52 36
6422 100 86
6423 22 91
6424 33 79
6425 77 22
6426 77 56
6427 71 98
6428 93 78
6429 74 33
6430 15 76
6431 73 1
6432 1 1
6433 92 100
6434 75 88
6435 32 14
6436 36 56
6437 82 66
6438 92 13
6439 25 8
6440 8 16
6441 66 41
6442 59 58
6443 67 72
6444 53 61
6445 92 60
6446 87 68
6447 24 22
6448 0 91
6449 84 76
6450 84 22
6451 93 8
6452 0 18
6453 32 92
6454 9 60
6455 27 6
6456 67 42
6457 6 90
6458 41 100
6459 100 61
6460 84 24
6461 99 24
6462 98 46
6463 58 51
6464 73 67
6465 12 29
6466 93 28
6467 52 56
6468 67 28
6469 96 34
6470 27 84
6471 94 28
6472 23 64
6473 31 16
6474 44 45
6475 94 19
6476 8 49
6477 68 22
6478 76 67
6479 45 75
6480 83 41
6481 32 4
6482 44 57
6483 73 80
6484 26 66
6485 11 13
6486 93 72
6487 69 60
6488 10 47
6489 19 3
6490 37 53
6491 11 21
6492 87 92
6493 98 55
6494 55 13
6495 100 63
6496 53 72
6497 4 7
6498 66 5
6499 65 95
6500 78 90
6501 37 81
6502 47 10
6503 57 60
6504 5 87
6505 15 59
6506 69 40
6507 85 57
6508 3 68
6509 73 83
6510 43 2
6511 47 54
6512 3 50
6513 10 68
6514 35 68
6515 74 88
6516 60 94
6517 52 22
6518 20 11
6519 0 2
6520 36 14
6521 52 58
6522 55 4
6523 14 74
6524 31 19
6525 16 37
6526 81 81
6527 65 35
6528 96 2
6529 48 89
6530 86 18
6531 21 55
6532 54 30
6533 46 53
6534 91 65
6535 14 14
6536 58 89
6537 35 37
6538 34 99
6539 40 93
6540 50 69
6541 22 49
6542 48 48
6543 70 15
6544 77 67
6545 98 10
6546 84 0
6547 15 8
6548 15 19
6549 100 5
6550 78 87
6551 29 60
6552 75 24
6553 67 73
6554 99 64
6555 84 88
6556 17 75
6557 11 43
6558 30 66
6559 51 96
6560 51 34
6561 26 89
6562 3 64
6563 82 35
6564 45 52
6565 42 95
6566 63 47
6567 46 71
6568 9 77
6569 34 34
6570 51 41
6571 35 56
6572 8 76
6573 95 58
6574 67 82
6575 82 2
6576 2 97
6577 38 88
6578 13 100
6579 69 74
6580 4 48
6581 91 34
6582 73 81
6583 75 42
6584 13 67
6585 37 36
6586 3 31
6587 39 3
6588 33 50
6589 22 68
6590 15 37
6591 54 76
6592 70 69
6593 7 84
6594 25 82
6595 42 50
6596 46 44
6597 16 47
6598 32 60
6599 38 73
6600 23 34
6601 65 100
6602 72 52
6603 15 54
6604 9 43
6605 30 97
6606 85 67
6607 31 62
6608 71 13
6609 86 26
6610 80 40
6611 66 47
6612 55 47
6613 77 65
6614 95 62
6615 34 39
6616 31 69
6617 72 75
6618 18 66
6619 28 10
6620 100 46
6621 17 89
6622 9 94
6623 96 44
6624 91 26
6625 93 97
6626 83 48
6627 10 94
6628 92 13
6629 57 41
6630 55 58
6631 22 50
6632 82 33
6633 36 34
6634 46 8
6635 26 38
6636 100 82
6637 35 71
6638 4 10
6639 30 6
6640 75 4
6641 91 95
6642 94 92
6643 56 43
6644 22 32
6645 82 100
6646 27 56
6647 34 53
6648 79 30
6649 24 66
6650 70 60
6651 7 66
6652 5 71
6653 23 90
6654 22 86
6655 18 14
6656 79 28
6657 80 42
6658 87 7
6659 72 46
6660 53 21
6661 10 33
6662 79 72
6663 39 37
6664 74 26
6665 84 52
6666 26 68
6667 77 32
6668 94 75
6669 29 42
6670 36 96
6671 36 35
6672 13 70
6673 28 18
6674 23 63
6675 28 10
6676 88 23
6677 71 9
6678 52 11
6679 81 23
6680 55 81
6681 55 62
6682 79 71
6683 88 95
6684 10 33
6685 56 23
6686 42 81
6687 79 44
6688 98 86
6689 68 23
6690 24 0
6691 92 2
6692 98 69
6693 94 57
6694 31 67
6695 42 80
6696 87 54
6697 69 69
6698 77 90
6699 64 6
6700 18 50
6701 59 74
6702 5 25
6703 15 92
6704 42 29
6705 76 27
6706 46 87
6707 52 16
6708 14 91
6709 76 29
6710 94 30
6711 62 20
6712 93 57
6713 56 39
6714 25 41
6715 29 28
6716 97 44
6717 44 46
6718 64 24
6719 68 18
6720 86 8
6721 63 98
6722 51 65
6723 89 40
6724 40 48
6725 70 96
6726 74 25
6727 1 23
6728 43 51
6729 85 32
6730 93 23
6731 78 27
6732 59 14
6733 13 4
6734 53 85
6735 61 93
6736 67 46
6737 47 71
6738 49 46
6739 58 61
6740 21 33
6741 73 95
6742 16 13
6743 58 19
6744 51 84
6745 14 75
6746 61 74
6747 91 21
6748 67 1
6749 71 55
6750 47 16
6751 61 18
6752 84 18
6753 42 7
6754 58 4
6755 29 37
6756 36 80
6757 40 51
6758 33 88
6759 55 87
6760 98 84
6761 43 98
6762 47 29
6763 0 6
6764 70 55
6765 56 92
6766 99 0
6767 17 31
6768 36 0
6769 14 85
6770 68 62
6771 48 95
6772 69 62
6773 24 0
6774 32 47
6775 40 43
6776 93 82
6777 60 61
6778 68 35
6779 22 59
6780 14 57
6781 54 5
6782 82 90
6783 28 72
6784 78 15
6785 7 31
6786 45 90
6787 84 24
6788 34 6
6789 74 96
6790 18 9
6791 40 75
6792 11 91
6793 75 1
6794 60 22
6795 33 33
6796 90 79
6797 26 10
6798 39 100
6799 33 17
6800 52 66
6801 9 80
6802 86 31
6803 24 51
6804 7 33
6805 4 100
6806 65 29
6807 20 34
6808 34 58
6809 44 4
6810 61 95
6811 55 38
6812 62 60
6813 91 64
6814 94 20
6815 17 74
6816 51 5
6817 14 42
6818 56 58
6819 17 76
6820 17 36
6821 65 85
6822 99 15
6823 71 8
6824 56 31
6825 29 2
6826 45 62
6827 36 62
6828 81 45
6829 77 50
6830 82 62
6831 51 21
6832 86 65
6833 41 32
6834 85 38
6835 29 96
6836 43 48
6837 92 31
6838 65 92
6839 16 7
6840 12 59
6841 96 26
6842 8 43
6843 47 56
6844 31 91
6845 56 20
6846 97 38
6847 93 63
6848 21 11
6849 95 2
6850 21 28
6851 96 73
6852 79 86
6853 87 2
6854 91 53
6855 49 70
6856 74 95
6857 18 95
6858 67 39
6859 58 15
6860 62 46
6861 10 90
6862 34 95
6863 24 38
6864 46 61
6865 50 90
6866 73 25
6867 32 78
6868 4 51
6869 14 32
6870 34 92
6871 74 72
6872 56 9
6873 97 22
6874 37 40
6875 87 90
6876 10 74
6877 58 71
6878 17 44
6879 2 20
6880 73 69
6881 32 53
6882 54 17
6883 80 57
6884 65 47
6885 97 94
6886 44 14
6887 76 46
6888 4 13
6889 34 100
6890 86 67
6891 53 13
6892 44 11
6893 95 57
6894 46 7
6895 43 78
6896 11 86
6897 25 64
6898 97 96
6899 86 27
6900 3 16
6901 19 73
6902 69 70
6903 38 73
6904 95 80
6905 75 53
6906 0 70
6907 47 89
6908 41 73
6909 40 6
6910 1 61
6911 7 49
6912 89 94
6913 72 49
6914 6 9
6915 66 28
6916 0 10
6917 35 65
6918 0 13
6919 69 16
6920 38 6
6921 88 39
6922 36 38
6923 87 41
6924 52 54
6925 32 10
6926 77 76
6927 45 94
6928 42 34
6929 90 41
6930 32 45
6931 64 97
6932 17 57
6933 56 68
6934 46 75
6935 92 49
6936 23 4
6937 94 65
6938 59 40
6939 70 21
6940 98 44
6941 77 67
6942 67 86
6943 21 45
6944 83 50
6945 50 45
6946 76 42
6947 28 71
6948 15 36
6949 48 84
6950 48 26
6951 23 89
6952 30 2
6953 95 62
6954 17 21
6955 87 67
6956 9 3
6957 34 61
6958 88 15
6959 41 31
6960 48 44
6961 98 53
6962 46 17
6963 12 66
6964 54 41
6965 72 10
6966 68 65
6967 97 36
6968 19 34
6969 68 63
6970 30 61
6971 61 64
6972 77 74
6973 59 10
6974 83 88
6975 66 83
6976 53 29
6977 60 2
6978 33 51
6979 31 28
6980 19 60
6981 67 41
6982 47 54
6983 77 97
6984 14 26
6985 48 100
6986 54 24
6987 85 19
6988 92 87
6989 52 18
6990 13 75
6991 97 18
6992 56 93
6993 93 86
6994 2 97
6995 34 34
6996 73 89
6997 46 63
6998 39 55
6999 26 92
7000 16 73