1 90 12
2 41 94
3 65 66
4 37 83
5 99 64
6 87 92
7 12 70
8 90 99
9 34 31
10 1 16
11 6 0
12 100 58
13 14 3
14 99 34
15 81 95
16 90 76
17 46 72
18 51 86
19 18 1
20 11 7
21 55 76
22 28 3
23 32 71
24 89 10
25 77 11
26 14 32
27 24 66
28 22 94
29 67 64
30 21 34
31 78 89
32 53 77
33 90 52
34 82 8
35 33 1
36 12 6
37 12 60
38 27 41
39 11 60
40 52 45
41 12 17
42 59 94
43 65 60
44 76 69
45 7 54
46 98 54
47 86 94
48 5 57
49 40 52
50 48 44
51 31 44
52 24 96
53 90 45
54 44 67
55 66 18
56 99 75
57 48 16
58 75 17
59 71 36
60 12 8
61 50 92
62 21 3
63 22 80
64 48 8
65 48 24
66 6 100
67 2 32
68 36 74
69 0 69
70 56 29
71 29 6
72 43 7
73 70 33
74 51 28
75 37 70
76 71 94
77 73 16
78 13 27
79 66 95
80 94 52
81 93 63
82 66 61
83 11 65
84 6 7
85 99 87
86 56 98
87 69 62
88 59 58
89 82 1
90 24 11
91 64 63
92 15 44
93 24 3
94 21 71
95 98 67
96 62 84
97 73 10
98 67 11
99 5 64
100 61 57
101 74 54
102 13 94
103 36 13
104 38 71
105 53 71
106 29 99
107 56 85
108 5 69
109 93 88
110 92 74
111 57 54
112 90 85
113 77 98
114 52 44
115 47 50
116 39 88
117 12 43
118 31 63
119 89 86
120 44 41
121 52 20
122 67 99
123 96 86
124 44 25
125 99 84
126 59 34
127 21 46
128 61 92
129 5 33
130 45 42
131 18 55
132 22 2
133 56 89
134 8 41
135 58 76
136 84 21
137 67 9
138 70 2
139 32 43
140 10 23
141 55 35
142 22 85
143 17 85
144 0 33
145 4 49
146 2 9
147 33 1
148 48 67
149 36 19
150 2 5
151 95 77
152 41 25
153 80 66
154 55 45
155 93 36
156 86 96
157 63 41
158 39 48
159 66 54
160 28 36
161 23 2
162 78 77
163 92 18
164 66 85
165 62 66
166 50 12
167 54 91
168 2 98
169 31 27
170 70 89
171 7 18
172 98 37
173 90 96
174 85 98
175 91 71
176 49 96
177 28 55
178 15 17
179 15 70
180 64 32
181 22 95
182 28 70
183 24 70
184 47 50
185 89 35
186 76 27
187 53 51
188 96 46
189 62 97
190 4 77
191 37 59
192 37 93
193 67 18
194 97 19
195 91 97
196 73 63
197 94 98
198 96 90
199 45 28
200 18 1
201 77 45
202 6 32
203 9 24
204 22 81
205 75 26
206 6 26
207 23 13
208 79 35
209 30 13
210 54 67
211 54 84
212 11 61
213 36 71
214 2 73
215 2 42
216 79 44
217 84 66
218 30 38
219 61 70
220 8 94
221 55 50
222 37 90
223 82 53
224 57 45
225 26 82
226 39 55
227 5 4
228 51 34
229 19 80
230 34 58
231 32 74
232 42 36
233 6 30
234 58 13
235 86 2
236 85 1
237 54 62
238 30 43
239 49 27
240 75 27
241 90 44
242 69 94
243 69 20
244 74 75
245 68 30
246 85 50
247 39 65
248 10 17
249 59 35
250 37 67