1 42 81
2 42 42
3 68 56
4 68 25
5 77 14
6 57 63
7 17 75
8 19 41
9 94 19
10 34 12
11 87 25
12 27 37
13 99 10
14 30 86
15 59 6
16 100 46
17 30 7
18 38 18
19 86 79
20 69 8
21 53 51
22 59 53
23 40 38
24 96 100
25 57 82
26 70 70
27 84 24
28 47 57
29 86 15
30 28 97
31 61 19
32 56 77
33 24 85
34 75 35
35 39 6
36 53 15
37 85 98
38 83 14
39 58 2
40 47 80
41 68 53
42 29 63
43 49 48
44 3 59
45 78 25
46 11 56
47 36 71
48 84 15
49 12 81
50 37 2
51 39 68
52 14 34
53 83 47
54 53 82
55 32 46
56 62 21
57 94 79
58 16 80
59 80 6
60 7 68
61 76 10
62 50 84
63 33 77
64 61 24
65 82 33
66 53 18
67 25 58
68 81 100
69 40 14
70 65 55
71 25 75
72 67 79
73 17 4
74 85 1
75 46 13
76 50 42
77 6 48
78 69 45
79 92 18
80 11 84
81 91 39
82 50 3
83 1 36
84 18 91
85 89 79
86 44 15
87 34 81
88 55 6
89 44 96
90 54 65
91 2 2
92 97 90
93 57 42
94 8 57
95 36 98
96 58 71
97 69 59
98 68 54
99 72 50
100 92 90